0.670707533050945,278.2979004083426,275.69957434130487,275.1146579256056
0.6743385253858506,276.9197818642389,275.1146579256056,275.1146579256056
0.677977742902339,275.92183068427175,274.45482342859935,274.45482342859935
0.681626730442394,274.9212003551461,273.6436173240813,273.6436173240813
0.6852863854090091,273.95863302828036,272.85712128478366,272.85712128478366
0.6889549753886557,273.4599702187472,272.3120065542362,272.3120065542362
0.6926304014701831,272.9603781939599,271.8429951808716,271.8429951808716
0.6963104111384164,272.4601631330097,271.6339182784722,271.6339182784722
0.6999928377790068,271.96227594656375,271.4862421660661,271.4862421660661
0.7036764933524297,271.4644494087198,271.4526856939551,271.4526856939551
0.7073605127709981,270.96657369913186,271.4326185072563,271.4326185072563
0.7110453974172095,270.85177,271.3252342643061,271.3252342643061
0.7147319619413326,270.85177,271.1853117887978,271.1853117887978
0.7184212834829784,270.85177,270.919911837466,270.919911837466
0.7221144573127882,270.85177,270.61988727410045,270.61988727410045
0.7258118211453515,270.85177,270.3062327986162,270.3062327986162
0.7295134869243103,270.85177,269.9912438475569,269.9912438475569
0.7332191855773889,270.6113641766692,269.71818726716725,269.71818726716725
0.7369285181454366,270.1129557604049,269.4624909547543,269.4624909547543
0.7406409377149058,269.6141325559108,269.2697882148096,269.2697882148096
0.7443558512470565,269.29178,269.1008036533923,269.1008036533923
0.7480728895605315,269.29178,268.96202066730774,268.96202066730774
0.7517917103839469,269.29178,268.84288930419626,268.89659971232453
0.7555109834907268,269.29178,268.89659971232453,268.89659971232453
0.7592289691920695,269.29178,269.0291165302774,269.0291165302774
0.7629434877964383,269.29178,269.3989158591919,269.3989158591919
0.7666522428316531,269.29178,269.86600767738264,269.86600767738264
0.7703549774529439,269.29178,270.27563216238156,270.27563216238156
0.7740522881667803,269.29178,270.6583482185326,270.6583482185326
0.7777445301032786,269.29178,271.0182041542129,271.0182041542129
0.7814319355218987,269.77038325536665,271.3688156257546,271.3688156257546
0.7851137839839291,270.2650987404901,271.8369969763966,271.8369969763966
0.7887888649290182,270.7589049010008,272.369224003446,272.369224003446
0.7924573846381198,271.25414776216616,272.81015810872344,272.81015810872344
0.7961203760016428,271.7491816415037,273.19194219043464,273.19194219043464
0.7997788620025441,272.2436066449485,273.4824373889549,273.4824373889549
0.8034339275107367,272.7394045549736,273.7034671730294,273.7034671730294
0.8070860966738584,273.2358353215288,273.91637544222215,273.91637544222215
0.8107354782628762,273.7318871796908,274.1217598169713,274.1217598169713
0.8143826037315944,273.99892,274.25534863281894,274.25534863281894
0.8180285008935104,273.99892,274.3064808856298,274.3064808856298
0.8216740101296771,273.99892,274.31371749603267,274.3064808856298
0.8253198365316983,273.99892,274.2587595052873,274.2587595052873
0.8289663812481536,273.99892,274.20565660991184,274.20565660991184
0.8326136054232856,273.99892,274.1565827210925,274.18068288273054
0.8362609956871245,273.99892,274.18068288273054,274.18068288273054
0.8399070418042038,273.99892,274.3587888151407,274.3587888151407
0.8435506543673713,273.99892,274.5470568554245,274.5470568554245
0.8471916794819492,273.99892,274.74887136175204,274.74887136175204
0.8508297402455924,274.4500436608285,274.9946677796328,274.9946677796328
0.8544636506938728,274.9468533678171,275.3768928533883,275.3768928533883
0.8580925453752692,275.442977344733,275.7553715928794,275.7553715928794
0.8617168076896082,275.58618,276.08125722388434,276.08125722388434
0.8653369537779465,275.58618,276.38280003320756,276.38280003320756
0.8689537772800957,275.58618,276.58868891935094,276.58868891935094
0.8725681230334599,275.83618366208157,276.7618570286121,276.7618570286121
0.8761810682849673,276.3329869736035,276.8031354900037,276.80250097159785
0.8797937482655862,276.8297538086646,276.80250097159785,276.80250097159785
0.883407502098311,277.18263,276.6386762148514,276.6386762148514
0.8870237039198333,277.18263,276.4278806989272,276.4278806989272
0.8906432073345043,277.18263,276.1342626640525,276.1342626640525
0.8942667465874123,277.1418254272632,275.81247785283387,275.81247785283387
0.8978946417162985,276.6429664110263,275.47158458315675,275.47158458315675
0.901527084740859,276.14348202975503,275.1222696048555,275.1222696048555
0.9051642016499581,275.64335495916663,274.76405484348896,274.76405484348896
0.9088060922601247,275.14512511620967,274.401498381154,274.401498381154
0.9124525131718839,274.6466050424458,274.08172070619213,274.08172070619213
0.9161030102103461,274.1475277014234,273.78903489743567,273.78903489743567
0.9197577077653186,273.99892,273.452078267556,273.452078267556
0.9234171436476344,273.99892,273.0804991037214,273.0804991037214
0.9270815453408746,273.99892,272.71144235952994,272.71144235952994
0.9307508935793005,273.73373962313815,272.3447298427925,272.3447298427925
0.9344257417366892,273.2342261542201,271.89581428069926,271.89581428069926
0.9381072866914315,272.73380240538484,271.3549153204525,271.3549153204525
0.9417965023484665,272.23342155212623,270.7663763261134,270.7663763261134
0.9454941632323014,271.73370227076845,270.1168865397962,270.1168865397962
0.9492011393245359,271.23272408833964,269.40735350524005,269.40735350524005
0.9529184777045623,270.6110151215423,268.61317445486605,268.61317445486605
0.9566478738814823,269.6116911330498,267.6683342062748,267.6683342062748
0.9603920504282043,268.6084066165251,266.4970799475062,266.4970799475062
0.9641527426015164,267.6023057956297,265.3225063553544,265.3225063553544
0.9679301129874978,266.6017548866553,264.1489568649936,264.1489568649936
0.9717228234822164,265.5971406854504,263.18017963817016,263.18017963817016
0.9755273532950196,264.5902699676433,262.5098138013925,262.5098138013925
0.9793417577436163,263.5915136662249,261.81934301085545,261.81934301085545
0.9831664457657128,262.59006473376223,261.100113938912,261.100113938912
0.9869999954669245,261.606102112895,260.6100295974734,260.6100295974734
0.9908388618009489,261.10785627964015,260.37721646990514,260.37721646990514
0.994679720360967,260.60935187569976,260.3396959421406,260.37721646990514
0.9985197919007529,260.11871,260.48397433545426,260.48397433545426
1.002357641393928,260.11871,260.64125106115614,260.64125106115614
1.006193091913063,260.11871,260.80993161071837,260.80993161071837
1.0100251124703585,260.11871,261.1081068964767,261.1081068964767
1.0138521013518593,260.6095883155093,261.4962604592751,261.4962604592751
1.0176716362118703,261.1053251199155,262.1284710347559,262.1284710347559
1.0214809549796908,261.5997359793882,262.900924273295,262.900924273295
1.0252787807581216,262.0953581258737,263.7174423265843,263.7174423265843
1.0290646589948458,262.5895701274253,264.56291898455845,264.56291898455845
1.0328367338669726,263.0819802251599,265.65148502629586,265.65148502629586
1.036592546059309,264.0108915765409,266.8592438646336,266.8592438646336
1.0403302336402704,264.9952297904228,268.2344919449561,268.2344919449561
1.0440482818856924,265.97439588971565,269.6860598278525,269.6860598278525
1.0477460249090718,267.33933334398404,271.18858221177726,271.18858221177726
1.0514232037601428,268.8130775814132,272.7108985387322,272.7108985387322
1.0550803642439601,270.27879883313034,274.16533376729734,274.16533376729734
1.058718447584124,271.7523467723301,275.57831570870593,275.57831570870593
1.0623380850386892,273.2283887844979,276.96669813698384,276.96669813698384
1.0659397463177445,274.6971003414464,278.335981870838,278.335981870838
1.0695239951395186,276.16871826238446,279.664154439612,279.664154439612
1.073091508747628,277.64893220316316,280.9533500946542,280.9533500946542
1.0766438387484079,279.12284624162623,282.05957966487824,282.05957966487824
1.080183843760377,280.53070278819956,282.9126599650516,282.9126599650516
1.0837142706575045,281.521451262475,283.59188278499835,283.59188278499835
1.0872385006693812,282.5104606964626,283.9081425809465,283.9081425809465
1.0907595905219298,283.4985889032916,284.097874563605,283.90960331165195
1.0942806713133513,283.66147,283.90960331165195,283.90960331165195
1.0978045915995633,283.66147,283.64025253716136,283.64025253716136
1.1013335448173263,283.66147,283.10055989042473,283.10055989042473
1.1048696731472476,283.3913318089769,282.49043138140667,282.49043138140667
1.1084151269905935,282.8924122460446,281.61360733612656,281.61360733612656
1.1119720711085876,282.39187576097527,280.6683924416016,280.6683924416016
1.1155413581276492,281.75388586753115,279.6693855398979,279.6693855398979
1.1191235539517534,280.75439769468636,278.6492478510097,278.6492478510097
1.1227189077413573,279.7512382454676,277.626123828664,277.626123828664
1.1263275691544157,278.7448709071652,276.5979096476349,276.5979096476349
1.1299505813769217,277.74560918552027,275.43139852709555,275.43139852709555
1.1335895767745712,276.7419391499834,274.17371347024186,274.17371347024186
1.1372475439277547,275.7330365212524,272.58268207860266,272.58268207860266
1.1409287568477438,274.72769490519283,270.7228749275633,270.7228749275633
1.1446364181231719,273.71682868228027,268.70825107652314,268.70825107652314
1.1483730018939147,272.69807695650644,266.54873187177566,266.54873187177566
1.1521398476396127,270.58394677855176,264.40810675184184,264.40810675184184
1.1559371869969555,268.047386232074,262.2850091820665,262.2850091820665
1.1597622760201132,265.49228936296083,260.5841713129436,260.5841713129436
1.1636096986250504,263.3067201724831,259.2477846564287,259.2477846564287
1.167476852990223,261.2932118070362,257.93171280405954,257.93171280405954
1.1713636275875086,259.2694877900377,256.637015420972,256.637015420972
1.1752667670058394,257.9407852232114,255.7724783082538,255.7724783082538
1.179181235868458,256.93923751424524,255.15327120028013,255.15327120028013
1.183104293622385,255.9354922697476,254.65363108798067,254.65363108798067
1.1870344766265504,255.2930835776057,254.22887928062346,254.22887928062346
1.1909687104520175,254.7941237796754,254.12933363056734,254.19772371832482
1.1949031853285517,254.2951334104072,254.19772371832482,254.19772371832482
1.1988323390811246,254.17759,254.81849212126664,254.81849212126664
1.202750424697943,254.17759,255.63618593654607,255.63618593654607
1.2066527287685287,254.17759,256.884578728796,256.884578728796
1.2105358788429141,254.9651351794531,258.16436609835154,258.16436609835154
1.2144008303652751,255.9483209224037,259.3090809687744,259.3090809687744
1.2182492521015122,256.92730173549757,260.38671555296037,260.38671555296037
1.2220830248062635,258.305172463694,261.2941993130593,261.2941993130593
1.2259033594748472,259.7841355637264,262.2217887860877,262.2217887860877
1.2297094089082907,261.25756843212196,263.2595100479379,263.2595100479379
1.233500099110572,262.3692160715066,264.3511505582658,264.3511505582658
1.2372742172931037,263.3574238947457,265.5767960260716,265.5767960260716
1.2410305660969936,264.3409790181649,266.858206385987,266.858206385987
1.2447679753159069,265.3271743901805,268.27560260370757,268.27560260370757
1.2484854665026135,266.31186448034686,269.7255455646482,269.7255455646482
1.2521824755828013,267.2911292644931,271.25663131681216,271.25663131681216
1.2558586518474977,268.5383712063604,272.791251406587,272.791251406587
1.2595141191312336,270.0119023477818,274.3387994238689,274.3387994238689
1.263149438456006,271.4773117792646,275.82320318012853,275.82320318012853
1.2667666561579431,272.9444192586201,277.0908532966216,277.0908532966216
1.2703677471160795,274.42140314812764,278.29902372636593,278.29902372636593
1.2739543463169327,275.89244325773996,279.33420495130383,279.33420495130383
1.277527985503713,277.3014590682469,280.32112535789213,280.32112535789213
1.281090078610851,278.290465007134,281.1477286820102,281.1477286820102
1.2846420200117366,279.2766523510345,281.92569854761376,281.92569854761376
1.2881853316649785,280.26044366782014,282.51864131969006,282.51864131969006
1.291721639851629,280.82573508686676,283.04341276233134,283.04341276233134
1.295253545120698,281.31946018522,283.2232476799018,283.2232476799018
1.2987841656061754,281.81300568365293,283.24941980045935,283.2232476799018
1.302315000163781,282.3084382788614,283.18890807772505,283.18890807772505
1.3058469582575394,282.8054587073575,283.06925133794994,283.06925133794994
1.3093811047039225,283.3027870828706,282.8383485044368,282.8383485044368
1.312918897506167,283.5221914587371,282.4861032841079,282.4861032841079
1.3164626916341617,283.02307555076345,281.88141462314206,281.88141462314206
1.3200167955962359,282.52250758264984,280.85021545632424,280.85021545632424
1.3235844299387056,282.0125262727586,279.7475213622193,279.7475213622193
1.3271671421770095,281.0137542810723,278.4915975453814,278.4915975453814
1.3307656729895947,280.0105724602148,277.2933603531898,277.2933603531898
1.3343782888738989,279.00346406803425,276.3237963978663,276.3237963978663
1.3380042468415905,278.0004225410518,275.2566422442786,275.2566422442786
1.3416475744796437,276.9946913689663,273.69649980467585,273.69649980467585
1.345312718181733,275.9829379288244,271.9900329545712,271.9900329545712
1.3490039345045677,274.66784522738635,269.8452760986427,269.8452760986427
1.352725154193472,273.151685183725,267.6221101253666,267.6221101253666
1.3564774979543974,271.62284406279866,265.3874652836432,265.3874652836432
1.36026069755356,269.5950070370317,263.2740317908626,263.2740317908626
1.3640688387071993,267.06370278340455,261.92007517309787,261.92007517309787
1.3678944141529543,264.5208098055125,260.87916296532455,260.87916296532455
1.3717281213301993,262.911840746504,260.8090994937478,260.87916296532455
1.3755611661414056,262.4119021875567,260.96935266755435,260.96935266755435
1.3793888076126326,261.9126683785238,261.54626252629754,261.54626252629754
1.3832074522094786,261.83689570858974,262.20059868749973,262.20059868749973
1.3870157260066867,262.33445981217363,262.9728607824327,262.9728607824327
1.3908130189558112,262.83058923009037,263.71919133655297,263.71919133655297
1.3946004033450978,263.3261725854676,264.3504875694637,264.3504875694637
1.3983787747892702,263.8218350893091,264.9788406462721,264.9788406462721
1.4021480474735697,264.31630397993206,265.62829866740196,265.62829866740196
1.4059080720604678,264.81064388813695,266.2839248583442,266.2839248583442
1.4096587325437513,265.30637450420295,266.9563375246757,266.9563375246757
1.4133997607614106,265.80083200877476,267.65696090210173,267.65696090210173
1.4171304257279909,266.3904671609926,268.4416442299657,268.4416442299657
1.420849699039036,267.3804852240673,269.2991773935702,269.2991773935702
1.424555683353184,268.36696594372347,270.37064151958026,270.37064151958026
1.4282467123112101,269.3502366513813,271.4859779973715,271.4859779973715
1.4319218913306249,270.3415908458062,272.7079438960223,272.7079438960223
1.4355803010356547,271.32842163332623,273.9806450417198,273.9806450417198
1.4392205571748617,272.31035562166255,275.43509375054055,275.43509375054055
1.4428414666029374,273.2963824423434,276.9163036710566,276.9163036710566
1.4464426237797907,274.27821111628543,278.4650514622228,278.4650514622228
1.4500234265925975,275.25449032451996,280.07354771079827,280.07354771079827
1.45358114597349,276.883988830564,282.09158079954926,282.09158079954926
1.45711334362732,278.84205439262075,284.13552683646134,284.13552683646134
1.4606236732835596,280.7879974810253,285.6153765069554,285.6153765069554
1.464116916473527,282.5618634960806,286.92146082427223,286.92146082427223
1.4675940852688796,284.0395882926821,288.26225488025017,288.26225488025017
1.4710550342597584,285.5104200079643,289.6171067962937,289.6171067962937
1.474499361959748,286.97445108787764,291.05127749120373,291.05127749120373
1.4779263494730985,288.453753601472,292.5555432655999,292.5555432655999
1.481335950665921,289.92555108986284,294.02701363678744,294.02701363678744
1.484728833660504,291.39013195648835,295.4455929828527,295.4455929828527
1.4881056260410206,292.8645873551046,296.8357178440409,296.8357178440409
1.4914671176194372,294.3435306339428,298.14111937000223,298.14111937000223
1.4948141883383335,295.8161292194312,299.39894779702286,299.39894779702286
1.4981491208593372,297.21634836667135,300.31473489978146,300.31473489978146
1.5014744104778046,298.20416828709295,301.1377623309135,301.1377623309135
1.5047922762438102,299.18978285694675,301.6598314330028,301.6598314330028
1.508105406580615,300.1739907068354,301.9990736871074,301.9990736871074
1.5114158027520879,300.8464018657948,302.15826436536986,302.02652317592805
1.514726048452296,301.3432069648741,302.02652317592805,302.02652317592805
1.51803763294133,301.8402129907654,301.91400017449394,301.91400017449394
1.521349936635688,302.2698,301.895368305508,301.895368305508
1.5246624958197357,302.2698,301.8674305340721,301.8674305340721
1.527976679820655,302.2698,301.59948431962493,301.59948431962493
1.5312942148548692,302.2698,301.2579448548975,301.2579448548975
1.5346168516468013,301.9551023356912,300.67419706428353,300.67419706428353
1.5379469456263573,301.4553183863146,299.9104251107318,299.9104251107318
1.5412857204456238,300.9542316075341,299.11276590578456,299.11276590578456
1.5446337597437714,300.3762410803157,298.2530248202924,298.2530248202924
1.547991623676702,299.37874454209157,297.3650482222571,297.3650482222571
1.5513601373480244,298.3780843625195,296.3702930047782,296.3702930047782
1.5547402459633137,297.37397975616324,295.3285035745094,295.3285035745094
1.5581343262279679,296.37268242744864,293.9360429612362,293.9360429612362
1.5615450944566915,295.36938143043005,292.44590438559857,292.44590438559857
1.564972206369657,294.3612728259767,291.1387827745934,291.1387827745934
1.5684141547824075,293.3529665313508,289.9299654411912,289.9299654411912
1.5718703269580159,292.3497158916354,288.74732602062863,288.74732602062863
1.5753405131021876,291.3423973055876,287.59294523810496,287.59294523810496
1.5788239571419678,290.33123024452914,286.553369174843,286.553369174843
1.5823186980943418,288.8490215034965,285.73628096541455,285.73628096541455
1.5858233042784922,287.34362863316005,284.9423533196266,284.9423533196266
1.5893373164091582,285.8341954672586,284.20859147591415,284.20859147591415
1.5928599291272931,284.9803137724274,283.5525648650906,283.5525648650906
1.5963883759749262,284.48048190057943,283.2692086154916,283.2692086154916
1.5999197235844536,283.9802391133033,283.08687649311787,283.2692086154916
1.6034507485425022,283.66147,283.32099812377413,283.32099812377413
1.6069782433698478,283.66147,283.65380609367384,283.65380609367384
1.6105010144304392,283.66147,284.081394424043,284.081394424043
1.6140182958324067,283.6938098759212,284.5399560279831,284.5399560279831
1.6175303170667168,284.19131493220186,284.9329540332819,284.9329540332819
1.6210377170754788,284.68816535602923,285.2902255657993,285.2902255657993
1.6245403731883412,285.1843437701964,285.7053253943267,285.7053253943267
1.62803762969796,285.3047,286.1718948616492,286.1718948616492
1.6315284149059865,285.3047,286.7657192556444,286.7657192556444
1.6350107923109207,285.3047,287.55565693336064,287.55565693336064
1.6384825265403582,285.72552269684576,288.52694420307984,288.52694420307984
1.6419397811517271,286.7135464569369,289.97035378749536,289.97035378749536
1.6453795123743622,287.69656233465525,291.47431487199543,291.47431487199543
1.6488003839733674,288.7024379381927,293.1769661457383,293.1769661457383
1.6522013205385466,290.17900342545283,294.901393650231,294.901393650231
1.6555821998311915,291.64686075958366,296.6659537457606,296.6659537457606
1.6589429878611577,293.10599518327547,298.4378471404604,298.4378471404604
1.6622824809747674,294.8792884598354,300.46228064261237,300.46228064261237
1.6655987309205758,296.8416193297081,302.6364073383915,302.6364073383915
1.6688918646321607,298.7902715864627,304.6948309420479,304.6948309420479
1.6721637725190808,300.7306323815369,306.5751048280396,306.5751048280396
1.6754160097626034,302.69667696709985,308.3915471644071,308.3915471644071
1.6786503934291783,304.6519286966494,309.96830443816623,309.96830443816623
1.681868651533954,306.59743219103325,311.48961474413363,311.48961474413363
1.6850735015545903,308.3057891993422,312.56640711646924,312.56640711646924
1.6882682760518337,309.78638265304613,313.457135595267,313.457135595267
1.691455367077137,311.26341526129255,314.07496900411763,314.07496900411763
1.6946382117911862,312.73847994953377,314.29380869682456,314.29380869682456
1.6978191294098712,313.3613208694424,314.45561905089113,314.3440896715086
1.7009997925609133,313.8575234816264,314.3440896715086,314.3440896715086
1.7041818125911314,314.35393777513576,314.1875050815167,314.1875050815167
1.707366689917981,314.6332347830675,313.7804306289805,313.7804306289805
1.710556359845468,314.1347691151495,313.2441544993404,313.2441544993404
1.713751856686903,313.63539284625426,312.6371967060724,312.6371967060724
1.7169542324341782,313.1349415763488,311.90000455973404,311.90000455973404
1.7201645710284947,312.63520620607267,311.08829915379096,311.08829915379096
1.723385565316236,312.13517805408577,309.8404881253855,309.8404881253855
1.726620010265001,311.6330618173109,308.50650492446516,308.50650492446516
1.7298699887895888,311.12853414340856,306.88644176206424,306.88644176206424
1.733138026124686,309.6283524702527,305.1068454832741,305.1068454832741
1.7364255299656344,308.1161657744907,303.26305075927337,303.26305075927337
1.7397336170121713,306.5945112115709,301.3221923871991,301.3221923871991
1.7430634101912952,304.84071980907606,299.3223711773393,299.3223711773393
1.746416614500243,302.8218393247662,297.13010674390193,297.13010674390193
1.7497949752681943,300.7878127654021,294.8815197973395,294.8815197973395
1.753200571055328,298.72431887170114,292.3977404510695,292.3977404510695
1.7566356210839311,296.20975582924825,289.8465880561202,289.8465880561202
1.7600989859821832,293.6744654249874,287.6349634254222,287.6349634254222
1.7635880859942192,291.1203361201351,285.58608072212655,285.58608072212655
1.7670998591442757,289.2685975218218,283.9315941113716,283.9315941113716
1.7706300443011127,287.75091005763613,282.6139916743268,282.6139916743268
1.7741761379342225,286.2263832652169,281.3895663383488,281.3895663383488
1.7777368665883735,284.7070603079525,280.2953539101421,280.2953539101421
1.7813089591880653,283.2003381234065,279.6014059073039,279.7014183916095
1.7848848396897552,281.69201818745444,279.7014183916095,279.7014183916095
1.7884582415857602,280.40334,279.98948344605327,279.98948344605327
1.7920250590024285,280.40334,280.7354728123479,280.7354728123479
1.7955826555300287,280.40334,281.4427140070361,281.4427140070361
1.799132904765139,280.40334,281.8983857599653,281.8983857599653
1.8026778718707381,280.84198316281856,282.28200438400273,282.28200438400273
1.8062197672682547,281.3371047813995,282.3874297043443,282.3874297043443
1.8097604671275236,281.83205927566814,282.47266152876824,282.47266152876824
1.813298382857072,282.3288746345171,282.8321568180902,282.8321568180902
1.816831300276321,282.82645864245217,283.27255865580474,283.27255865580474
1.8203575074080853,283.32309755845756,283.90981321647166,283.90981321647166
1.823875318572879,283.81919159539694,284.6264395593985,284.6264395593985
1.8273833886666413,284.3152816143447,285.488901237503,285.488901237503
1.830880329499313,284.8097978006159,286.44114847614816,286.44114847614816
1.8343642438023195,285.3024718539833,287.6282396092552,287.6282396092552
1.8378323067489735,286.29130974632653,289.0661470099723,289.0661470099723
1.841282519027505,287.2773209291122,290.6124553609839,290.6124553609839
1.8447131594234638,288.2577388053048,292.37440354968356,292.37440354968356
1.8481232170112336,289.5502884672551,294.1312179635257,294.1312179635257
1.8515130327567104,291.02202569081555,295.8765142921341,295.8765142921341
1.8548824781022097,292.4849188124671,297.69858208127965,297.69858208127965
1.858227141862212,294.1295912350208,300.2799937638534,300.2799937638534
1.8615423192786813,296.5867145015188,303.0183989471203,303.0183989471203
1.8648283287744838,299.022219263936,305.6338074758515,305.6338074758515
1.8680867500015916,301.43727631922457,308.1708635552587,308.1708635552587
1.8713184204891862,303.55397712143167,310.7145688354699,310.7145688354699
1.8745236054826955,305.50616135590076,313.2849633778219,313.2849633778219
1.877703321878391,307.442833413935,315.71130924096246,315.71130924096246
1.8808623990997297,309.37589404851656,317.3894069955765,317.3894069955765
1.8840054643948445,311.82764997610957,318.9358438740477,318.9358438740477
1.8871347202724307,314.26863383309546,320.19622329224626,320.19622329224626
1.890252562153143,316.70071417333384,321.2749392238799,321.2749392238799
1.893361029009498,318.69616565035506,322.13019466205725,322.13019466205725
1.8964641608339021,319.68585604347584,322.3800658692577,322.3800658692577
1.8995652341059728,320.67488989682226,322.55798516669483,322.3800658692577
1.9026674501719025,321.6642882245667,322.1427021323785,322.1427021323785
1.9057746665341948,322.09885,321.5208325762346,321.5208325762346
1.9088885809732177,322.09885,320.7584775592069,320.7584775592069
1.912010962776656,322.09885,319.77967442369203,319.77967442369203
1.915143031080706,322.09885,318.7775763651044,318.7775763651044
1.9182855427636594,321.25828907592347,317.6579857177506,317.6579857177506
1.9214392863602898,320.2524569306678,316.5110519770015,316.5110519770015
1.9246062276834701,319.2424155980759,315.0166572154953,315.0166572154953
1.927789448617511,318.14529408025726,313.28256439971653,313.28256439971653
1.9309917613122658,316.637861874391,311.27253258968227,311.27253258968227
1.9342183162461533,315.1190180621345,308.5952063680862,308.5952063680862
1.937473313357343,313.58678559668977,305.8568666265131,305.8568666265131
1.9407580469626606,311.4793503891042,303.0336066206796,303.0336066206796
1.944073696387494,308.93302023870456,300.17997361996765,300.17997361996765
1.9474187262441842,306.3641267018056,297.7320362173123,297.7320362173123
1.9507901314350753,303.7823877319445,295.50080866438697,295.50080866438697
1.9541867354635294,301.25250819031044,293.3306097041591,293.3306097041591
1.957608076956006,298.70420353829627,291.24287245536505,291.24287245536505
1.9610525103823964,296.13869940977656,289.4099322247548,289.4099322247548
1.9645149178830925,293.95569928660484,288.22525717974224,288.22525717974224
1.9679907312462328,291.9342830938449,287.18152436046705,287.18152436046705
1.9714761758599813,289.9072656895405,286.63388323947004,286.63388323947004
1.9749677679781716,288.43698660365965,286.1710830569393,286.1710830569393
1.9784636593484228,287.93687557589755,285.92917572344487,285.92917572344487
1.9819621786723707,287.43638860149264,285.74130278907535,285.74130278907535
1.985462282982974,286.9357628256086,285.67024768018314,285.67024768018314
1.9889629678457392,286.43698766062727,285.6465322787789,285.67024768018314
1.9924619182949699,285.93845961369016,285.9536107479724,285.9536107479724
1.9959559535075724,285.440631886278,286.4508980293171,286.4508980293171
1.9994414295382614,285.6647555493681,287.36025585184075,287.36025585184075
2.00291346521073,286.1585973461004,288.6736869675032,288.6736869675032
2.006367685658997,286.64990521082314,290.3329091162994,290.3329091162994
2.0097986108761274,287.6909915875483,292.60911586752525,292.60911586752525
2.0132031548693483,289.6595546885112,294.84961452557485,294.84961452557485
2.0165826107289564,291.6136114196929,296.9692279284634,296.9692279284634
2.0199375682094836,293.5535027868234,299.1716502021123,299.1716502021123
2.0232632051597914,295.51719051725,302.23248283580995,302.23248283580995
2.0265544628228045,297.4630551866825,305.4550487847642,305.4550487847642
2.0298116296314856,299.3887645854594,308.591544578285,308.591544578285
2.0330361723440897,301.71104502954745,311.66668732513557,311.66668732513557
2.0362291009283737,304.62318274793574,314.73251263766133,314.73251263766133
2.0393910302432703,307.50704731857195,317.8076460787332,317.8076460787332
2.0425227251174896,310.3633363099973,320.838559042167,320.838559042167
2.0456256653514044,313.6322419016624,323.7243195657937,323.7243195657937
2.0487012985577167,317.0331266309472,326.56065103163337,326.56065103163337
2.051752022136827,320.40646751313443,329.0308314997885,329.0308314997885
2.0547814859569584,323.7563003939413,331.1588584991255,331.1588584991255
2.0577916808355736,326.2738822417257,333.2565754307773,333.2565754307773
2.0607834348117184,328.7221944244968,335.2535570803204,335.2535570803204
2.063757528887664,331.15605456704384,337.2259118179442,337.2259118179442
2.0667163659655703,333.5311321442291,338.7186234402782,338.7186234402782
2.0696641166376737,335.01103246938055,339.7664291991752,339.7664291991752
2.072603204430914,336.48658364880293,340.7181472425833,340.7181472425833
2.075536802281439,337.9593786358221,341.0387069942867,341.0387069942867
2.0784681504532916,339.3351193348908,341.2412744493585,341.2412744493585
2.081398626811313,339.8307960446499,341.24162445758657,341.2412744493585
2.0843303107725077,340.3266770149777,340.9602658775199,340.9602658775199
2.0872645668812138,340.8229930523253,340.6436423965498,340.6436423965498
2.0902032125672823,341.18358968952487,339.94270079770064,339.94270079770064
2.0931484069068604,340.68499441660407,339.13060632353205,339.13060632353205
2.096100976821125,340.1851505243224,338.2465480727358,338.2465480727358
2.099061901882015,339.68389217984117,337.21959237547355,337.21959237547355
2.1020319131882776,339.07744772826607,336.18012206080465,336.18012206080465
2.1050115727064056,338.076428544479,335.0394464238616,335.0394464238616
2.108001574865831,337.07193474143196,333.85847661519693,333.85847661519693
2.1110024389718536,336.0637918580619,332.6185286473093,332.6185286473093
2.114015102202327,335.055849990355,331.2487415441241,331.2487415441241
2.1170402965758788,334.05206913063523,329.868683677549,329.868683677549
2.1200781757741156,333.0440793564936,328.48823663508455,328.48823663508455
2.123128866477932,332.0318386343147,327.10392639712376,327.10392639712376
2.126192706718192,330.7661987339759,325.6747532594809,325.6747532594809
2.1292704014499995,329.25764891543645,324.1657794569431,324.1657794569431
2.1323624510519354,327.7420629745343,322.657889865518,322.657889865518
2.1354685636745288,326.21958396297055,321.23690196934416,321.23690196934416
2.138588363363763,324.70822081869505,319.8329715150682,319.8329715150682
2.1417211947131394,323.19642443815314,318.5696772626813,318.5696772626813
2.1448657345206827,321.67897795943986,317.4553887666795,317.4553887666795
2.1480209789257603,320.18636179221244,316.4116484535265,316.4116484535265
2.1511851536578237,319.1838798319458,315.66557730160923,315.66557730160923
2.1543566379853996,318.1790820268669,314.9547677492558,314.9547677492558
2.15753466338725,317.172211861847,314.36737084483366,314.36737084483366
2.1607183671225414,316.366372064786,313.8322411719624,313.8322411719624
2.163906417491692,315.86613897725886,313.51058412831156,313.5220391437689
2.1670960441976055,315.36565854865665,313.5220391437689,313.5220391437689
2.1702851560980507,314.86525889755137,313.61181611771696,313.61181611771696
2.173471341491599,314.74211,314.09842508791377,314.09842508791377
2.1766522762467115,314.74211,314.648054267302,314.648054267302
2.179826525003084,314.74211,315.4232416098662,315.4232416098662
2.1829923913234586,314.79121145277895,316.3166353853459,316.3166353853459
2.186148758135791,315.2873270115366,317.32488435799775,317.32488435799775
2.189293953035998,315.7816865768512,318.5681871872369,318.5681871872369
2.192426572511559,316.2740695455926,319.8778261998786,319.8778261998786
2.1955437553612427,317.16771039114747,321.7325022252756,321.7325022252756
2.1986424693653284,318.6445932501524,323.7025493272923,323.7025493272923
2.201723019975381,320.1128192259232,325.5372212402498,325.5372212402498
2.2047868842056206,321.57309228048507,327.2376476886241,327.2376476886241
2.207834600823654,323.35877561678603,328.9960546771397,328.9960546771397
2.2108645982596884,325.32194016038716,331.0770713013819,331.0770713013819
2.2138754636391695,327.2727088601423,333.1905040520986,333.1905040520986
2.2168671510966287,329.2110519993719,335.3354086405571,335.3354086405571
2.219839668449759,331.17358497084297,337.5019543064063,337.5019543064063
2.2227930660373625,333.1335318550168,339.69129345774684,339.69129345774684
2.2257267332516464,335.08038518081776,342.05750319385976,342.05750319385976
2.2286401288753077,337.0137857832044,344.4349080770889,344.4349080770889
2.2315344837426574,338.9734145547202,346.5719729777261,346.5719729777261
2.234412152899572,340.9294258186576,348.43997551332626,348.43997551332626
2.237274512415919,342.8750308031499,350.2891661829369,350.2891661829369
2.240122240139806,344.81069025558077,352.02948030222257,352.02948030222257
2.242956071476603,346.7710927880887,353.73293590208624,353.73293590208624
2.24577722387403,348.73182286349834,355.20025382260593,355.20025382260593
2.2485892954663687,350.6862416855133,356.02013732046845,356.02013732046845
2.251395059126236,352.6362764292621,356.7991272393118,356.7991272393118
2.2541961660395273,353.94532768235274,357.20455300217753,357.20455300217753
2.256995353404402,354.93419241118784,357.288536216982,357.288536216982
2.2597940429461185,355.9228812747813,357.33163778378315,357.288536216982
2.262594215582198,356.9120940688995,356.9102879660862,356.9102879660862
2.2653982137004895,357.1342858272729,356.35738106158055,356.35738106158055
2.268207084046387,356.63628109881444,355.6732931301633,355.6732931301633
2.271022954771536,356.13703522301245,354.5882432889623,354.5882432889623
2.2738475809428467,355.63623703149227,353.47181526204065,353.47181526204065
2.276681878308182,354.9379087229038,352.1728365186707,352.1728365186707
2.279527327262013,353.9367669441772,350.7070010281184,350.7070010281184
2.2823846922637157,352.9314326272764,349.24164553487753,349.24164553487753
2.285253834809387,351.9219545033669,347.83357077031945,347.83357077031945
2.2881345735509995,350.7451919420773,346.4356040609636,346.4356040609636
2.29102723763826,349.2430255070417,344.9716613338917,344.9716613338917
2.293932778413274,347.7341721814598,343.3720774614357,343.3720774614357
2.2968519685775224,346.21823069985726,341.7532666011211,341.7532666011211
2.2997859928343036,344.7031187577104,339.9093440383723,339.9093440383723
2.3027364622714153,343.19596001067157,337.9545265304369,337.9545265304369
2.3057043606054948,341.67989823478365,335.9290915991773,335.9290915991773
2.308691111178042,340.1542063587665,333.70235805337677,333.70235805337677
2.3116979867310503,338.41258735734505,331.4475453195032,331.4475453195032
2.314725258234298,336.39023689761825,329.2208869997548,329.2208869997548
2.317773036035706,334.35418732915036,327.00242981824346,327.00242981824346
2.32084119873144,332.30451975504,324.860522657221,324.860522657221
2.3239284986183324,330.2727347840164,322.9603178985504,322.9603178985504
2.327033994114757,328.24725626054646,321.0648711332348,321.0648711332348
2.330157861981381,326.2097948373082,319.17266617301533,319.17266617301533
2.3333003352202635,324.16019854477986,317.2743742300442,317.2743742300442
2.3364591451801124,322.14410933907766,315.87853646606385,315.87853646606385
2.33962821732246,320.1261140165991,315.22169623218724,315.22169623218724
2.342803669000448,318.1040563463721,314.6105562673231,314.6105562673231
2.345984220561045,316.4453738015036,314.2114475785376,314.2114475785376
2.3491686147598148,315.9452840293475,313.85170394105336,313.86042934720973
2.3523547886352656,315.4449147697754,313.86042934720973,313.86042934720973
2.3555399016429046,314.9447121130512,314.0608403021169,314.0608403021169
2.3587223755818263,314.74211,314.3812328201679,314.3812328201679
2.361900461447521,314.74211,314.92886106383685,314.92886106383685
2.365073068472665,314.74211,315.4679851044303,315.4679851044303
2.36824071619544,314.74211,315.9156726005692,315.9156726005692
2.3714039581185777,315.2091520636039,316.3473603689437,316.3473603689437
2.374561519139995,315.70502784819723,317.0536961891722,317.0536961891722
2.3777111041775925,316.1996510529647,317.9518608293631,317.9518608293631
2.3808504788293363,316.8219470036777,319.1198315224575,319.1198315224575
2.3839747172316743,317.81092440107045,321.0419529777513,321.0419529777513
2.387080200934105,318.7939649998216,322.9859714526791,322.9859714526791
2.390167937945633,319.7713878850948,324.7423480678921,324.7423480678921
2.3932393454961938,321.261954781781,326.4292693489347,326.4292693489347
2.396294396889207,323.23164456594805,328.229150628602,328.229150628602
2.3993318596206095,325.18999437489515,330.22116862058374,330.22116862058374
2.402350933246338,327.1364881366187,332.2398440655037,332.2398440655037
2.40535021824682,328.7563468147341,334.59406067928626,334.59406067928626
2.408328157743319,330.2269893991338,337.0200193536753,337.0200193536753
2.411284609088383,331.68702015256895,339.4755891879543,339.4755891879543
2.4142195042026806,333.1364054543549,341.9890389077002,341.9890389077002
2.4171330926837973,335.74788226774626,344.45858344591426,344.45858344591426
2.4200275937545146,338.6770949326292,346.5128930313807,346.5128930313807
2.4229055834936197,341.5895982578054,348.42186113989356,348.42186113989356
2.4257681878084707,344.4865316528003,350.2474044889761,350.2474044889761
2.428616794139607,346.3223998801626,351.8539881718684,351.8539881718684
2.431452508401515,347.79626053593245,353.4392534437607,353.4392534437607
2.43427666234357,349.2641127229268,354.73982835007405,354.73982835007405
2.4370913615446366,350.72705081440006,355.8173061729875,355.8173061729875
2.439897781788159,352.2028373027299,356.83579328914635,356.83579328914635
2.442698270372847,353.6851069400336,357.32563977845615,357.32563977845615
2.4454954325122893,355.1656159242805,357.6849335500229,357.6849335500229
2.4482901937021113,356.64485411073065,357.9398078333585,357.90777295728157
2.4510840845493727,357.39105,357.90777295728157,357.90777295728157
2.4538782914542265,357.39105,357.8588389831323,357.8588389831323
2.4566743406619054,357.39105,357.4364040560717,357.4364040560717
2.4594750004957895,357.39105,356.68182225455354,356.68182225455354
2.4622816964049896,357.2189192500895,355.90068331465346,355.90068331465346
2.465095715661132,356.7204309955948,354.8281258014585,354.8281258014585
2.467918598172435,356.22037266350213,353.6694263567264,353.6694263567264
2.4707513735084556,355.7185618711466,352.3544198680898,352.3544198680898
2.4735965736962946,354.9821534735863,350.58825329462286,350.58825329462286
2.4764562990080017,353.47854389625763,348.78426994465184,348.78426994465184
2.4793309992274226,351.96706069044944,346.9453089965174,346.9453089965174
2.4822211008449484,350.4474796125835,345.0769253725417,345.0769253725417
2.4851272426485993,348.92450759590065,343.1262674335434,343.1262674335434
2.4880520397758206,347.411800000325,340.6905201401142,340.6905201401142
2.4909982772761996,345.88800342526906,338.1508809207707,338.1508809207707
2.4939683076885144,344.35190113564886,335.2553473452334,335.2553473452334
2.4969662255667067,342.39666523492906,331.8912974425988,331.8912974425988
2.4999944375995584,339.3471618198,328.5810272602452,328.5810272602452
2.50305011464303,336.270000287348,325.9489879313811,325.9489879313811
2.5061299412923503,333.168519352982,323.44784380316713,323.44784380316713
2.5092319993349346,330.3333319825333,321.29262238571226,321.29262238571226
2.512353184988903,327.7981825106747,319.49455577038253,319.49455577038253
2.5154912728784526,325.24930437978765,317.8405161146153,317.8405161146153
2.5186425617922237,322.68970385898456,316.82206321829096,316.82206321829096
2.521803571806501,320.93898158928505,315.88847720337196,315.88847720337196
2.5249715694447494,319.429077350582,315.4254643344609,315.4254643344609
2.5281431450871223,317.91746779381674,315.17602163359044,315.17602163359044
2.5313167503104967,316.5124598184378,315.02212164694896,315.0315476906404
2.534491083066229,316.0135203850868,315.0315476906404,315.0315476906404
2.537665158126127,315.51462145618933,315.0732768738817,315.0732768738817
2.540837892593311,315.0159332407301,315.2978665545194,315.2978665545194
2.544008186988184,314.966398094041,315.5584805899532,315.5584805899532
2.54717406294519,315.46357968877743,316.1788191780162,316.1788191780162
2.5503326236122783,315.95961246165325,317.0221093877217,317.0221093877217
2.5534816988400877,316.45415560388926,318.0867640191493,318.0867640191493
2.5566176132067193,316.9485099830473,319.689782498831,319.689782498831
2.5597375976063237,317.44089829555764,321.34332907999453,321.34332907999453
2.5628397121860678,317.93046643677263,323.3846453424252,323.3846453424252
2.5659218341976953,318.47097963975125,325.5259985697862,325.5259985697862
2.5689840538596496,320.4356126599914,327.60160812589703,327.60160812589703
2.572027310950883,322.38807983430956,329.595053704645,329.595053704645
2.5750519667989105,324.32861298015996,331.6435451309347,331.6435451309347
2.57805587252334,326.37261588345154,334.16586672757256,334.16586672757256
2.581036847080542,328.82412468319035,336.76573416165667,336.76573416165667
2.5839953512828355,331.2571541998168,339.26076660227375,339.26076660227375
2.5869327077757562,333.6727921571978,341.6318174279683,341.6318174279683
2.589849867454218,336.0912128990053,343.97458520675605,343.97458520675605
2.592747776868639,338.542128514895,346.18519313608175,346.18519313608175
2.5956274211951884,340.97759637770196,348.35178282988886,348.35178282988886
2.598489429542928,343.3981485583099,350.4645863389485,350.4645863389485
2.601334644541105,345.6997851358565,352.4757442866814,352.4757442866814
2.6041637498978103,347.66604260016584,354.4671290833504,354.4671290833504
2.6069784006810597,349.62225398652186,356.1043669771148,356.1043669771148
2.609780979239465,351.5700750518338,357.5269930215013,357.5269930215013
2.612572645319305,353.4578321827298,358.89367517748497,358.89367517748497
2.6153551033911895,354.9390905279927,359.8966326330415,359.8966326330415
2.618130098908166,356.4163761371178,360.8264519953732,360.8264519953732
2.6208986818504174,357.8902479733913,361.56552076743804,361.56552076743804
2.623663336665759,359.36202864760025,361.8522104470043,361.8522104470043
2.6264258797216087,359.9234032195947,362.1185042733206,362.0202046372142
2.6291877815675457,360.4187708931407,362.0202046372142,362.0202046372142
2.6319516159798555,360.9144851868641,361.61237853823815,361.61237853823815
2.6347186551810973,361.4107742833597,361.18211884417167,361.18211884417167
2.6374901162407762,361.1799368801362,360.4596295462391,360.4596295462391
2.6402674950968468,360.6822219845123,359.6447080352832,359.6447080352832
2.643051393845041,360.1833387040205,358.7732818215298,358.7732818215298
2.6458428614533744,359.68309906034256,357.69733186692673,357.69733186692673
2.648642825786549,359.18270952909717,356.59916953390075,356.59916953390075
2.651451496582288,358.68185409568133,355.48318463912204,355.48318463912204
2.654269082809246,358.179408820489,354.34607041422174,354.34607041422174
2.6570957663363988,357.6753412717861,353.1987395218175,353.1987395218175
2.659932103987482,356.73361720877733,351.9381791622018,351.9381791622018
2.6627787965847314,355.22689226559737,350.6339545756127,350.6339545756127
2.66563613210871,353.714534131399,349.3213068812954,349.3213068812954
2.668504294975758,352.1964451965207,347.9916994542797,347.9916994542797
2.6713834617092105,350.8713134687905,346.65629303622205,346.65629303622205
2.6742731788502807,349.86714049575335,345.4550545791494,345.4550545791494
2.6771724899403435,348.8596336378365,344.3657081678014,344.3657081678014
2.680081006910719,347.8489277484049,343.2716969981813,343.2716969981813
2.6829988592859206,346.6527444868045,342.1657240178109,342.1657240178109
2.685926180717235,345.1500410624187,341.0545294951435,341.0545294951435
2.688863378863596,343.6422675513104,339.86857046169007,339.86857046169007
2.6918113164717035,342.1289810733749,338.57430876424877,338.57430876424877
2.694770554261437,340.82929094925237,337.27788735453686,337.27788735453686
2.6977410237416475,339.8255769941379,336.0187105048615,336.0187105048615
2.7007226134948574,338.8181055275362,334.76672037884055,334.76672037884055
2.7037145503888045,337.80713778883944,333.6982841666618,333.6982841666618
2.706714579712594,336.8000830139001,332.9626778478617,332.9626778478617
2.7097211219523443,335.7967136343383,332.2540761177629,332.2540761177629
2.712732865103791,334.7916085613698,331.8134687850132,331.8134687850132
2.715748249316073,333.785288361967,331.4521228646958,331.4521228646958
2.7187661092972695,333.12111722941904,331.2691978184157,331.38964282086306
2.7217842536928742,332.62227146665566,331.38964282086306,331.38964282086306
2.7248011682962807,332.12362896674085,331.53933094309207,331.53933094309207
2.727815548368711,331.62540537986405,331.9472593223065,331.9472593223065
2.730825913723595,331.53707,332.42426879260773,332.42426879260773
2.733831238343365,331.53707,333.06185629053294,333.06185629053294
2.7368296907359406,331.53707,333.95008345133954,333.95008345133954
2.7398201037159167,331.53707,334.8550867730631,334.8550867730631
2.742801714242855,332.4807837020229,335.92504046298086,335.92504046298086
2.7457736632004144,333.4677474546286,337.03586089907634,337.03586089907634
2.748735270812971,334.45127691787854,338.2753210632065,338.2753210632065
2.751685083941724,335.4313358633434,339.7368805348512,339.7368805348512
2.754622224396842,336.4172208304243,341.2006751632924,341.2006751632924
2.7575465194342232,337.39879408533614,342.7282553494535,342.7282553494535
2.7604577383833897,338.37597820088047,344.27266846989966,344.27266846989966
2.7633556387981257,339.4130752845606,345.88594364126004,345.88594364126004
2.7662392672508354,341.3811020713756,347.68937471851524,347.68937471851524
2.7691079644102508,343.3389385075104,349.49590393807097,349.49590393807097
2.771961208559655,345.28622853028537,351.46612239407585,351.46612239407585
2.774798107599685,347.2224974984947,353.53507667689445,353.53507667689445
2.777618516858622,349.1940631715079,355.58781142120944,355.58781142120944
2.780422845587959,351.1543879864564,357.6010226655803,357.6010226655803
2.783211493942815,353.10375166590006,359.597867067335,359.597867067335
2.7859846169045737,355.04226254729883,361.6163355642018,361.6163355642018
2.7887420807193575,356.5866749117938,363.6937834394152,363.6937834394152
2.7914838746428976,358.0547424683832,365.7615023679799,365.7615023679799
2.794210604585614,359.51474415928897,367.72305451816817,367.72305451816817
2.7969231416362934,360.96714640074106,369.5988353054595,369.5988353054595
2.799622026755502,362.72437988477077,371.4525344981314,371.4525344981314
2.8023082720646486,364.67964254705294,373.08468420856303,373.08468420856303
2.8049830872098998,366.6265854283338,374.6337469623073,374.6337469623073
2.8076472244798683,368.56575610400796,376.08111176605166,376.08111176605166
2.8103032903608787,370.38028739647507,376.9131781712379,376.9131781712379
2.812953885114043,371.8555395479957,377.6351467401408,377.6351467401408
2.815600016401568,373.32830745054525,378.18565112658104,378.1596497400017
2.818244311275975,374.80005325328125,378.1596497400017,378.1596497400017
2.820888953050261,376.271992131474,378.0864468716489,378.0864468716489
2.8235349634484863,376.89477385768544,377.768615137918,377.768615137918
2.8261848639455067,377.39253061926274,376.9775345576841,376.9775345576841
2.828840379151381,377.89134204659035,376.1728441990808,376.1728441990808
2.8315023656317186,378.3913690367756,375.1471726754451,375.1471726754451
2.8341724585781805,378.14306371093176,373.89252423036675,373.89252423036675
2.8368515518064443,377.13861623014054,372.63084852130436,372.63084852130436
2.8395401231694106,376.13061520055,371.2611708024428,371.2611708024428
2.8422388422708202,375.1188095738639,369.8338980180502,369.8338980180502
2.8449480499810145,374.0124112302133,368.3921232376602,368.3921232376602
2.847668196238737,372.5071684369575,366.8656280839789,366.8656280839789
2.8503997777637657,370.99559772892417,365.31423217559484,365.31423217559484
2.853143270226983,369.47743588491085,363.6872100286571,363.6872100286571
2.8558999549790087,367.9519738460649,361.8267069485574,361.8267069485574
2.8586709564020465,366.442188394029,359.9389568077753,359.9389568077753
2.861456393408771,364.92599178005094,358.0860117678644,358.0860117678644
2.8642561082296134,363.4020233251126,356.27704054482336,356.27704054482336
2.8670700833396343,361.8702925685627,354.46591512493035,354.46591512493035
2.869898008631524,359.95769172101063,352.77041128125416,352.77041128125416
2.8727394044735064,357.9349926518328,351.1128917346556,351.1128917346556
2.8755946553967164,355.9024305922585,349.3553490617863,349.3553490617863
2.8784657023071407,353.8586238732237,347.2609518895693,347.2609518895693
2.8813542920684494,351.8374654693571,345.12502135984084,345.12502135984084
2.884260331944786,349.8177377187153,343.1027228622233,343.1027228622233
2.887183134355164,347.7863598336585,341.1774819485988,341.1774819485988
2.890122309682258,345.74360260225535,339.29072888580106,339.29072888580106
2.893076490194347,343.7265698773856,337.71961723571275,337.71961723571275
2.896044214830452,341.7128180269749,336.20077766346185,336.20077766346185
2.8990242718028076,339.69069806024913,334.92973833890863,334.92973833890863
2.9020142792051895,337.66182622152246,333.96631437832804,333.96631437832804
2.9050126506092657,336.4936964234148,333.0636805249584,333.0636805249584
2.908016987706176,335.4910629632669,332.6408467507393,332.6408467507393
2.911024691526901,334.487305930817,332.3184010632424,332.3184010632424
2.914034815508362,333.482741221314,332.10612645148615,332.10612645148615
2.9170462490242848,332.97150334904643,332.029414349494,332.029414349494
2.9200580393487123,332.47284953341807,332.0274370841688,332.029414349494
2.923067428328212,331.974593301845,332.55972549458386,332.55972549458386
2.9260715332737486,331.59687650946563,333.1965867585443,333.1965867585443
2.9290690067893608,332.09273246851944,334.03304270802016,334.03304270802016
2.9320579510183924,332.5871774734629,335.1012548245836,335.1012548245836
2.935037277622376,333.0800314863034,336.1931540264136,336.1931540264136
2.9380060885746513,333.68642038988446,337.47968208753815,337.47968208753815
2.940963449484925,334.67252718931104,338.8015367350492,338.8015367350492
2.9439088944938128,335.6546607329417,340.2159536846199,340.2159536846199
2.946841566909379,336.632535364149,341.75937819766824,341.75937819766824
2.9497608987412836,337.7491561577974,343.3325060250468,343.3325060250468
2.9526651615306125,339.2241664391727,345.3161250453184,345.3161250453184
2.9555523392593246,340.69049959940025,347.4081994377658,347.4081994377658
2.9584223099012465,342.1480936641087,349.4691355483948,349.4691355483948
2.9612756338904798,343.7305502752952,351.4734706869837,351.4734706869837
2.9641127880259854,345.6927334128786,353.4638888464058,353.4638888464058
2.966934262783715,347.6440726522419,355.3905033056869,355.3905033056869
2.9697406558922688,349.5849813840309,357.2730038288309,357.2730038288309
2.9725322639471488,351.5213785589606,359.1649444810304,359.1649444810304
2.9753086826260198,353.48305693758243,361.19321729737976,361.19321729737976
2.9780694820669056,355.43369954495006,363.2404167727765,363.2404167727765
2.9808148638724172,357.37344882337106,365.26131174090506,365.26131174090506
2.983545283531889,359.30262659879486,367.2321243212132,367.2321243212132
2.9862611350685566,361.264202907611,369.19036231617184,369.19036231617184
2.9889632323290414,363.219676482423,370.979770915885,370.979770915885
2.9916529942904164,365.16622315745235,372.58391138631686,372.58391138631686
2.994331252060622,367.1044443949927,374.17358357252994,374.17358357252994
2.9969992477707073,368.7609953327876,375.45499962281565,375.45499962281565
2.999658722522743,370.2352017967578,376.5748639615039,376.5748639615039
3.0023104650561514,371.70512211863456,377.64769779286047,377.64769779286047
3.0049564438268828,373.1718474576717,378.216693661966,378.216693661966
3.0075989432194152,374.5254047439013,378.64275517673065,378.64275517673065
3.010238856373005,375.51431029928574,378.9580559322028,378.65776040470865
3.01287871719836,376.5031962526308,378.65776040470865,378.65776040470865
3.0155210059872797,377.49299171568975,378.2619809943255,378.2619809943255
3.018166692423537,378.4840599298326,377.68594008749284,377.68594008749284
3.020818388387079,378.2244102097841,376.5500521410216,376.5500521410216
3.0234782494727845,377.725212425539,375.370764442089,375.370764442089
3.0261469526411062,377.22435517566464,374.0592018880996,374.0592018880996
3.028825829220285,376.7215885989517,372.5255624532459,372.5255624532459
3.031515794758368,375.73441258722437,370.9815926716238,370.9815926716238
3.034217451760951,374.2294453622517,369.3086116092026,369.3086116092026
3.0369317580098523,372.7174318315813,367.5322018524704,367.5322018524704
3.039659306004819,371.19804194121366,365.73154435603954,365.73154435603954
3.04240125129959,369.67592034391737,363.6833617125352,363.6833617125352
3.0451590361476857,368.1647778719989,361.542693142713,361.542693142713
3.0479334732919057,366.6445106882866,359.3310271449058,359.3310271449058
3.0507260799026445,365.1142874514153,356.85431414370714,356.85431414370714
3.0535383204092463,363.5326394695139,354.33136344104923,354.33136344104923
3.056370344342171,361.0074620366704,351.8858263043036,351.8858263043036
3.059221650199237,358.46509185374543,349.55491196393,349.55491196393
3.0620919762219345,355.90576231801924,347.23775265265243,347.23775265265243
3.0649795953033623,353.3310134063672,345.3793627647641,345.3793627647641
3.0678821243310153,351.3055200107001,343.6790956870664,343.6790956870664
3.070798071717664,349.2806505116305,342.2074933333952,342.2074933333952
3.0737237398286332,347.249030822803,341.3980041297164,341.3980041297164
3.0766561448715106,345.2149013490723,340.6368654027338,340.6368654027338
3.07959265460154,344.2119985449358,340.443854394183,340.58083677038445
3.0825294058043426,343.2090132708795,340.58083677038445,340.58083677038445
3.0854643621105193,342.2066410058119,340.86042778026183,340.86042778026183
3.0883943421984554,341.25185,341.7391990845348,341.7391990845348
3.091316522107265,341.25185,342.682658163121,342.682658163121
3.094229161812187,341.25185,343.98214265053593,343.98214265053593
3.0971295016020486,341.25185,345.59601012568703,345.59601012568703
3.1000161415663916,341.33207233597705,347.2550179555253,347.2550179555253
3.102887393508971,342.8072627246461,349.31131243869453,349.31131243869453
3.1057414973057567,344.27364274753586,351.44051968305513,351.44051968305513
3.108578137564031,345.73105036233346,353.62569554856674,353.62569554856674
3.111396823022933,347.1792331692793,355.93241813778104,355.93241813778104
3.1141973377722687,349.121694706728,358.2293945001476,358.2293945001476
3.116979655521406,351.06495928404706,360.6036067860633,360.6036067860633
3.1197435688491026,352.9953695925599,363.01612862003105,363.01612862003105
3.1224892554467107,354.91304973790125,365.4069725062737,365.4069725062737
3.1252172660566915,357.2420420062858,367.73540102024566,367.73540102024566
3.1279281487739827,359.6753022897119,370.0388609867496,370.0388609867496
3.1306220236193747,362.093296483265,372.3935954902507,372.3935954902507
3.1332981995416094,364.49540430648403,374.95017537939367,374.95017537939367
3.135956190327633,366.9134847293617,377.5065657520574,377.5065657520574
3.138596665120823,369.3508954119702,379.9407923566817,379.9407923566817
3.1412209646575757,371.77337478641584,382.1738760670319,382.1738760670319
3.1438300304079183,374.18179191954505,384.39044765255005,384.39044765255005
3.146424088274273,376.5796102451386,386.6087588502325,386.6087588502325
3.149003293694873,379.0281174275451,388.8302186175952,388.8302186175952
3.1515678514639935,381.46271921119296,391.03758037913366,391.03758037913366
3.1541194376874806,383.8850067672124,392.7924963682039,392.7924963682039
3.156660793170693,386.2975820138345,394.19158921520955,394.19158921520955
3.159193168789278,388.4862073748168,395.5831164532002,395.5831164532002
3.1617175497325123,390.45553326341997,396.69188563364173,396.69188563364173
3.1642354854196304,392.41983106394355,397.6106400648316,397.6106400648316
3.166747638034887,394.3796173610972,398.520374970029,398.520374970029
3.1692557699961075,396.3362670563429,398.8860021286638,398.8860021286638
3.1717626769791307,396.9923470307292,398.90985361380575,398.90985361380575
3.174269454679428,397.4887754559984,398.9271467321621,398.90985361380575
3.1767775635974393,397.98546750827904,398.4866322283844,398.4866322283844
3.1792893329294865,398.48288444875993,397.76548176955845,397.76548176955845
3.181805678573681,398.7137075952231,397.0385538375807,397.0385538375807
3.184327445703417,398.2147408897597,396.05730261752706,396.05730261752706
3.186855945183564,397.71444209511776,394.92727053964705,394.92727053964705
3.1893917137928383,397.2127050021612,393.7898671194817,393.7898671194817
3.1919353351576714,396.7094141322823,392.49282022694405,392.49282022694405
3.1944876507332616,395.86516302462724,391.1117745351412,391.1117745351412
3.197049018846538,394.8611684439363,389.7234020466947,389.7234020466947
3.1996197221630185,393.85351468853423,388.2764957798574,388.2764957798574
3.2022001144706636,392.8420630820651,386.80225087105714,386.80225087105714
3.204790416297053,391.74578186490703,385.31142173280153,385.31142173280153
3.207391231409456,390.23720829292597,383.681719338396,383.681719338396
3.2100032754843086,388.72212148749304,382.0058127540426,382.0058127540426
3.2126267021480635,387.2004323393112,380.3594384204782,380.3594384204782
3.215260681349767,385.6726223101059,378.950613745645,378.950613745645
3.217904332147205,384.1575267779135,377.5814338267257,377.5814338267257
3.2205575959452553,382.64366594660123,376.2096611500791,376.2096611500791
3.223220539374492,381.12428225151416,374.8414559688353,374.8414559688353
3.22589323583212,379.59933381473843,373.4690084979551,373.4690084979551
3.228575468173166,378.0792863612212,372.1807769625786,372.1807769625786
3.2312664120707586,376.5716044997007,371.0545591638214,371.0545591638214
3.2339655336948003,375.05934082216845,369.928950939243,369.928950939243
3.236672420599203,373.54272641389093,368.92854006639305,368.92854006639305
3.2393862719333355,372.06190370364106,368.0325936747692,368.0325936747692
3.2421067016828378,371.0612046237461,367.14643683138456,367.14643683138456
3.244832943810617,370.05836748401157,366.46475144792703,366.46475144792703
3.2475639870567656,369.0537642723041,365.8566359670427,365.8566359670427
3.2502993717920647,368.0475640613729,365.30235734335633,365.30235734335633
3.2530378557168635,367.45501771562897,365.02885343316217,365.02885343316217
3.255778243424026,366.9549170222032,364.794959521213,364.794959521213
3.258519739645959,366.4546140329476,364.73368184993467,364.794959521213
3.2612603711319847,365.95446885166393,365.0252549037047,365.0252549037047
3.263998772392198,365.74467,365.328025591782,365.328025591782
3.2667339065515257,365.74467,365.89797597334353,365.89797597334353
3.2694640114022215,365.74467,366.67544594085626,366.67544594085626
3.272188317368332,365.74467,367.4573179453017,367.4573179453017
3.274906518995744,365.90813735430646,368.3242946658041,368.3242946658041
3.2776182334153425,366.4025795065767,369.2175789868622,369.2175789868622
3.2803231661286185,366.8957851121642,370.1735835696979,370.1735835696979
3.28301996723693,367.38750803645206,371.4479990419062,371.4479990419062
3.2857073907385668,367.89190239028494,372.7615494143821,372.7615494143821
3.2883846785985886,368.8775801603315,374.2661209805083,374.2661209805083
3.2910496151429998,369.8587106355542,376.2259094813517,376.2259094813517
3.293700673446863,370.8347316590068,378.19492731967387,378.19492731967387
3.296338180588256,371.8057636486669,380.1016527966419,380.1016527966419
3.2989627503237715,373.75723510543594,381.93241193621213,381.93241193621213
3.3015747968730507,376.212664694679,383.755065325728,383.755065325728
3.3041738623800807,378.6558915782516,385.7574912360682,385.7574912360682
3.3067590303946073,381.086054255783,387.89250768165465,387.89250768165465
3.3093300558595775,383.4201624221714,390.0129967063507,390.0129967063507
3.3118876105645576,385.39245124293666,391.9889544391671,391.9889544391671
3.3144325716381404,387.3550283346153,393.8822437216072,393.8822437216072
3.316965337949756,389.3082012901273,395.7727093428102,395.7727093428102
3.319485486697613,391.25164406082695,397.83660777835325,397.83660777835325
3.3219923645211384,392.90492537041814,399.9742546424846,399.9742546424846
3.324485929079815,394.3753044249336,402.0960141743673,402.0960141743673
3.3269667970779766,395.83819670451044,404.0783142905522,404.0783142905522
3.3294357315115146,397.2940521245814,405.9922722935681,405.9922722935681
3.3318931028435648,398.7430891359718,407.88996324233443,407.88996324233443
3.334340005068687,400.6701710554171,409.4731020023649,409.4731020023649
3.3367779609937394,402.62780346596446,410.88871620686405,410.88871620686405
3.3392075534638606,404.57872018068247,412.2970148256519,412.2970148256519
3.3416298056458347,406.5237427831107,413.38227244577456,413.38227244577456
3.344046363171846,408.39534514297725,414.24220479907405,414.24220479907405
3.346457914485671,409.87859264670465,415.1003556911187,415.1003556911187
3.3488655048997944,411.35940396150977,415.6060341415377,415.6060341415377
3.351271230947538,412.8390685800939,415.74384330282425,415.74384330282425
3.353676159953885,414.3182429708088,415.8815600119395,415.74384330282425
3.356081128915298,415.3047,415.73003185897994,415.73003185897994
3.3584883316284313,415.3047,415.1103048663289,415.1103048663289
3.3608991521610054,415.3047,414.4832362827579,414.4832362827579
3.363313800538176,415.3047,413.7952818847452,413.7952818847452
3.3657328880774338,415.3047,412.9635648316649,412.9635648316649
3.3681568755634044,414.7846290468988,412.1240571533938,412.1240571533938
3.3705860199454034,413.78742973983117,411.21212180060485,411.21212180060485
3.3730212562549204,412.787729607393,410.065014194861,410.065014194861
3.3754633789017996,411.78520253272086,408.89634113604507,408.89634113604507
3.377912752284252,410.779698925018,407.64095849505543,407.64095849505543
3.3803707678007653,409.778771000857,406.02675758602265,406.02675758602265
3.3828387174436814,408.7764156979533,404.36595270122774,404.36595270122774
3.3853169133597545,407.7698988813563,402.6762806794818,402.6762806794818
3.3878058899001253,406.7590035248793,400.87090566091223,400.87090566091223
3.3903061730037445,405.70723793832803,399.042689856273,399.042689856273
3.392817890000453,404.19766787475373,397.22949093877,397.22949093877
3.395340755158127,402.6813976415026,395.52364311717724,395.52364311717724
3.39787449814355,401.1585897118682,393.82605094899895,393.82605094899895
3.4004191761342364,399.62920972152256,392.13166257614796,392.13166257614796
3.402974749767102,397.8637182955363,390.4750040452064,390.4750040452064
3.4055411954219714,395.85171103927905,388.8164085321073,388.8164085321073
3.4081189607471742,393.8308295414008,387.0534144571936,387.0534144571936
3.4107095923599036,391.79986130593034,384.9647410520638,384.9647410520638
3.413314440999282,389.75774739873077,382.8400690662537,382.8400690662537
3.415933826312906,388.24185639750135,380.7038223737881,380.7038223737881
3.418567991293256,386.7227395792986,378.5561395500232,378.5561395500232
3.421217186749389,385.1949547206664,376.39622385519164,376.39622385519164
3.4238817657727543,383.65829819458713,374.19782468827594,374.19782468827594
3.4265622083189173,381.526708857984,371.95436706298545,371.95436706298545
3.4292588951919267,378.9917139350423,369.7032741296483,369.7032741296483
3.4319709310886024,376.44229030795395,367.7552374509532,367.7552374509532
3.434696741919156,373.8799176848984,365.97571039594686,365.97571039594686
3.437435758474739,371.48931934864504,364.2176103448279,364.2176103448279
3.4401870353581914,369.4751192582344,362.7206680325966,362.7206680325966
3.4429494690460567,367.45275131071276,361.28147246370014,361.28147246370014
3.4457219994729016,365.42299157623984,360.0832055326077,360.0832055326077
3.448500937275623,363.51559212077564,359.616544104197,359.616544104197
3.4512832958022166,362.5154898701419,359.19832389762655,359.19832389762655
3.4540674358595673,361.51474725885623,359.15634419814336,359.19832389762655
3.4568504130531807,360.5144226320358,359.4986481373235,359.4986481373235
3.459630677086212,359.5150732346758,359.8576699733526,359.8576699733526
3.4624071285901055,359.4614,360.4868139219745,360.4868139219745
3.46517838397384,359.4614,361.2084912602987,361.2084912602987
3.467943763414781,359.4614,362.0204773974074,362.0204773974074
3.470701483064138,359.4614,363.2183832569252,363.2183832569252
3.473449973874196,360.20312200683713,364.45579199852506,364.45579199852506
3.476188614428324,361.18920731270316,365.83615608991414,365.83615608991414
3.478916063609307,362.17126301030487,367.45330020473284,367.45330020473284
3.481631540116266,363.1490077814839,369.06922988680105,369.06922988680105
3.4843343370919326,364.37414197852786,370.9095358641595,370.9095358641595
3.487023237669511,365.84626988233913,372.8941792074628,372.8941792074628
3.4896977370712423,367.3105133842546,374.91477549194326,374.91477549194326
3.492355561323086,368.76562752168,377.5899377649561,377.5899377649561
3.494993936596626,370.3619699639885,380.46323006406874,380.46323006406874
3.4976125867128793,372.80521784745497,383.2995844054615,383.2995844054615
3.5002123486287338,375.230842698596,386.01118801069987,386.01118801069987
3.5027940383130005,377.63960583105927,388.6844804990851,388.6844804990851
3.505358281289687,380.03209087004825,391.28145521939837,391.28145521939837
3.5079064861348237,382.78697387283364,393.591601765013,393.591601765013
3.5104399294935154,385.71759612294,395.8542814599642,395.8542814599642
3.512958918422349,388.63149785959604,398.12154189476104,398.12154189476104
3.5154634250824817,391.5286468795425,400.4456860349271,400.4456860349271
3.5179534566230513,394.3643192627578,402.7636808247102,402.7636808247102
3.5204295409007687,396.33142734074727,404.9692912156254,404.9692912156254
3.5228934533909504,398.28886562607204,406.75176304942715,406.75176304942715
3.5253467500905358,400.23787026977016,408.48147143548,408.48147143548
3.5277899554400536,402.17885791000253,410.1185694612843,410.1185694612843
3.530224733008823,403.96455737128736,411.31344038547024,411.31344038547024
3.5326526379641825,405.4394395758404,412.4435852051041,412.4435852051041
3.5350740547810124,406.91038042344826,413.5205306094386,413.5205306094386
3.537490248352915,408.3781483004768,414.2283242800017,414.2283242800017
3.53990253394027,409.8435421896552,414.86138904049403,414.86138904049403
3.5423112725056596,411.0563959622243,415.44914399460293,415.44914399460293
3.5447181924783275,412.04447182411946,415.4883309356616,415.44914399460293
3.5471253584591667,413.03264867596795,415.3642403173036,415.3642403173036
3.5495332958860657,414.0211422177101,415.22215125103617,415.22215125103617
3.5519434232524674,415.010534761657,414.6099631668917,414.6099631668917
3.5543577213755437,414.9546210710454,413.788959623727,413.788959623727
3.556776824472456,414.45578949985986,412.9645554309952,412.9645554309952
3.559201186245213,413.9558735625151,411.99596799702135,411.99596799702135
3.5616315282818576,413.45472446382416,410.93483566707476,410.93483566707476
3.564068163590311,412.952277659935,409.8705411784885,409.8705411784885
3.5665119719452294,411.99278461116637,408.52644589467906,408.52644589467906
3.5689645628445135,410.9908959476054,406.94080648045855,406.94080648045855
3.5714267478340584,409.98508807751364,405.3489643327671,405.3489643327671
3.5738988370324503,408.9752343167811,403.68674676651545,403.68674676651545
3.5763813556769035,407.86143149263535,401.9504211401212,401.9504211401212
3.5788746450420947,406.35685151926646,400.2065528123785,400.2065528123785
3.581378727805142,404.84575825045476,398.49277045109153,398.49277045109153
3.5838934937838536,403.3282181758432,396.8134069927038,396.8134069927038
3.586418947997921,401.80422826629,395.12693341624157,395.12693341624157
3.5889552031779224,400.28815993685066,393.4408570743095,393.4408570743095
3.5915023494037195,398.7761818353456,391.7552172923341,391.7552172923341
3.5940605047900664,397.2576687302749,390.06178803158673,390.06178803158673
3.5966303439468255,395.7322201753159,388.20148270697626,388.20148270697626
3.5992129834208546,394.1785312625889,386.205208748683,386.205208748683
3.6018090479575724,392.16321307669523,384.19689911927975,384.19689911927975
3.604419033136243,390.1370883324548,382.09673316491967,382.09673316491967
3.6070435998215435,388.0996440023282,379.93992331851314,379.93992331851314
3.6096831105011558,386.0505986880662,377.78241909771725,377.78241909771725
3.6123371637399306,384.0203608983752,375.7872496297213,375.7872496297213
3.6150051741002387,381.9982388480489,373.8400846446779,373.8400846446779
3.617686768594231,379.96582119442746,371.98942785451203,371.98942785451203
3.620379424544035,377.9250199100529,370.77362688979645,370.77362688979645
3.623080544095687,376.03294518253006,369.6617635390931,369.6617635390931
3.6257892284515965,374.5253618678514,368.70531549524384,368.70531549524384
3.6285033757632146,373.01473801400584,368.1747456211188,368.1747456211188
3.631221352019484,371.5019830690803,367.6672054892746,367.6672054892746
3.633941869977333,369.99224127128366,367.48696412434015,367.6672054892746
3.636662305852381,369.4929065551694,367.6893985992296,367.6893985992296
3.6393812101349927,368.9938529621213,367.9011032257178,367.9011032257178
3.6420975029845097,368.49527869638064,368.39686518651405,368.39686518651405
3.644809643998247,367.9974664981305,369.0284593101519,369.0284593101519
3.6475169506518075,368.22659117314726,369.7137583342105,369.7137583342105
3.650217686433165,368.7227372901671,370.8268500118669,370.8268500118669
3.6529100098404848,369.21733798880786,372.0278986673623,372.0278986673623
3.6555931316111128,369.7102482753963,373.3749202342437,373.3749202342437
3.658264780981378,370.4109212627452,375.23090948481234,375.23090948481234
3.660923129117647,371.39529544216634,377.12074533626446,377.12074533626446
3.6635672835124438,372.37441374391483,379.2708498755416,379.2708498755416
3.666194829065052,373.347381867221,381.9048977370054,381.9048977370054
3.6688043384696702,374.355274339649,384.53169348022385,384.53169348022385
3.67139597218628,377.29917174309367,387.1914650368649,387.1914650368649
3.673969733124995,380.22276703976377,389.89085996760656,389.89085996760656
3.6765257951388444,383.12625771338344,392.57195628018167,392.57195628018167
3.6790641369981127,386.00961964862336,395.35380051463875,395.35380051463875
3.6815844245313323,388.6816943264698,398.216776326278,398.216776326278
3.6840867187273245,391.131013228613,401.0598671464963,401.0598671464963
3.6865708346734074,393.5625387269338,404.0667612147448,404.0667612147448
3.68903615608197,395.9756675810554,407.1985768484306,407.1985768484306
3.6914826594519723,398.37037678747083,410.3064921837553,410.3064921837553
3.6939100760160173,401.1977695081482,413.6281116708172,413.6281116708172
3.6963174841194455,404.1143039909489,417.15585873572286,417.15585873572286
3.6987047021733113,407.0063785678135,420.654019878725,420.654019878725
3.7010716944588182,409.873949966021,424.3160199521211,424.3160199521211
3.70341759375283,412.71596755930614,428.2536826807107,428.2536826807107
3.7057421064839633,416.54631298924687,432.15942064074426,432.15942064074426
3.708046404807379,420.4188707449348,435.79901491336057,435.79901491336057
3.7103336391092716,424.2627510467437,438.6286472312582,438.6286472312582
3.712606375141414,428.0822658458774,441.37654168103126,441.37654168103126
3.714865124799955,431.87827542478135,444.07731974701704,444.07731974701704
3.7171110867729356,434.9513160970946,446.415848441928,446.415848441928
3.7193455883088324,437.88638486733,448.6439047056769,448.6439047056769
3.72156904729174,440.8069489921654,450.8609502680015,450.8609502680015
3.7237818499540194,443.71351579662405,452.9751564837253,452.9751564837253
3.7259845992738883,446.6068773063562,454.9855393339089,454.9855393339089
3.7281776581460626,448.6136998705688,456.9870753207204,456.9870753207204
3.7303614422962266,450.0869088968575,458.85817790943065,458.85817790943065
3.7325376311214975,451.55499401875795,460.18162422795376,460.18162422795376
3.734707730394567,453.018971049999,461.43690961366417,461.43690961366417
3.7368719591795165,454.47898777404316,462.68148373225955,462.68148373225955
3.7390317762691745,455.942992305796,463.32330174922373,463.32330174922373
3.7411894923674667,457.42278225517293,463.5827719025515,463.5827719025515
3.743346001453679,458.90174441986346,463.84209690976724,463.84209690976724
3.745501742960895,460.38018016882916,463.91292611231887,463.84209690976724
3.7476586938375025,461.85944531915675,463.3222896704906,463.3222896704906
3.749818531825058,463.3406904879712,462.67354574779705,462.67354574779705
3.751981427505763,463.02826338595025,462.0132238130547,462.0132238130547
3.7541485025511636,462.53042358561083,460.89111252782965,460.89111252782965
3.7563214480185776,462.0312351795877,459.520588751925,459.520588751925
3.7585008937871596,461.5305534664258,458.1459650952349,458.1459650952349
3.7606873234164624,461.0282673585134,456.5899862070892,456.5899862070892
3.7628823636465842,460.24303342780445,454.55957006952093,454.55957006952093
3.7650873141933774,459.23782667051864,452.4949509270071,452.4949509270071
3.7673023711898703,458.2280125212235,450.4211157840526,450.4211157840526
3.769527665885466,457.2135311451134,448.34106454991615,448.34106454991615
3.771763330474929,456.19432227640596,446.2523873761192,446.2523873761192
3.7740095086124126,454.8353680350251,444.15388788444994,444.15388788444994
3.776266593534113,452.8109924602777,441.95028552439044,441.95028552439044
3.7785352600215507,450.77622939918865,439.63096674106174,439.63096674106174
3.780815959231855,448.7306742097071,437.29928809865635,437.29928809865635
3.783108924011792,446.6741180519689,434.9402886225483,434.9402886225483
3.7854145158488506,444.4964210651551,432.5226779792222,432.5226779792222
3.7877330767188724,441.96587663114406,430.08824385000577,430.08824385000577
3.7900647888820647,439.42097849515994,427.6574479555935,427.6574479555935
3.7924094672399877,436.8619286789981,425.3442872075442,425.3442872075442
3.7947668914921593,434.2889676249806,423.0455102056995,423.0455102056995
3.797137132138637,431.72367579382717,420.75687588636265,420.75687588636265
3.799519072326569,429.20014135591146,418.8988817142159,418.8988817142159
3.801911133349061,426.6658844512085,417.20362708113055,417.20362708113055
3.8043129427897053,424.121299634392,415.50536508127556,415.50536508127556
3.806723841642955,421.56708508554084,414.0632587782575,414.0632587782575
3.809142699074425,419.4696617474092,412.775407272281,412.775407272281
3.8115691251513004,417.9612251765052,411.484160021602,411.484160021602
3.8140018425419973,416.44887748383326,410.64261198228127,410.64261198228127
3.8164383963025275,414.9341448346977,410.18910652924365,410.18910652924365
3.8188776469057153,413.4177356390851,409.7350991243804,409.7350991243804
3.8213188974763805,412.5787679329028,409.5171994789255,409.5730346560595
3.8237606309093346,412.07817048029483,409.5730346560595,409.5730346560595
3.826202030438612,411.5776414836977,409.62922430461947,409.62922430461947
3.8286423540854178,411.0773330615568,409.93431177257725,409.93431177257725
3.8310797502884024,410.5776248158726,410.6140134776809,410.6140134776809
3.8335131073366413,410.53452,411.2963509968408,411.2963509968408
3.835941681048478,410.53452,412.23335262112306,412.23335262112306
3.8383632573433792,410.53452,413.67748859234325,413.67748859234325
3.840776368535872,410.53452,415.1306302786489,415.1306302786489
3.8431806319016513,410.70797541193474,416.72806029030613,416.72806029030613
3.845574499949109,412.1875982411541,418.7447450255031,418.7447450255031
3.8479568201253067,413.66008346144713,420.7778977514156,420.7778977514156
3.8503277412365478,415.12552304830956,422.7808635908492,422.7808635908492
3.8526877529613373,416.58421966650144,424.6767948431943,424.6767948431943
3.855037310107795,418.1539755455342,426.55157581471406,426.55157581471406
3.8573765246499905,420.12115624898115,428.44044192610284,428.44044192610284
3.8597048148905415,422.07915007580505,430.56424346301594,430.56424346301594
3.8620214984874788,424.027383205208,432.7443051903102,432.7443051903102
3.864326573177528,425.9658537338719,434.91195407304474,434.91195407304474
3.866620519898314,427.9048049258208,436.95265328384,436.95265328384
3.868903992285347,429.8699954846852,438.9107939105512,438.9107939105512
3.8711773222195576,431.82645729664455,440.8602371039559,440.8602371039559
3.873440316671214,433.7740242374193,442.9293634454778,442.9293634454778
3.8756921917580427,435.71202168617583,445.22530238210095,445.22530238210095
3.8779325005744845,437.64413823852374,447.51463489385463,447.51463489385463
3.8801615129690825,439.6072953072671,449.7492880419857,449.7492880419857
3.8823801688205046,441.56133106246716,451.70164228716374,451.70164228716374
3.8845893915071414,443.5070587507521,453.5981217624148,453.5981217624148
3.8867894157371876,445.4446850865629,455.486698443339,455.486698443339
3.888980357703642,447.3743124045068,457.36654558014584,457.36654558014584
3.8911623327664664,449.3335594439973,459.2380351526888,459.2380351526888
3.8933354517023537,451.29222841467936,461.101928786251,461.101928786251
3.8954999548632108,453.2431318411327,462.90114932755336,462.90114932755336
3.897656543271612,455.18690156689945,464.4922649097259,464.4922649097259
3.899805809644908,457.12407181818435,466.0604599005353,466.0604599005353
3.901947885698399,458.84367711506593,467.615796209621,467.615796209621
3.9040837879454156,460.3169915779454,468.75803779757376,468.75803779757376
3.906215024761852,461.78708789432085,469.66506609972566,469.66506609972566
3.908342153593759,463.25435058241146,470.57034609393526,470.57034609393526
3.9104655639963046,464.7190483517352,471.3112775621951,471.3112775621951
3.9125869917799525,466.17635281616003,471.4500357107049,471.4500357107049
3.9147079216389082,467.16585702260477,471.53259376432715,471.53259376432715
3.916828487291889,468.15519131143424,471.61199190918495,471.53259376432715
3.918949638464767,469.14479877025974,471.2723649725775,471.2723649725775
3.9210729835347076,470.13542977560314,470.63808342592284,470.63808342592284
3.9231991941182227,471.1273976652021,470.0029458987359,470.0029458987359
3.9253285406333958,471.3092853562131,469.25295300917867,469.25295300917867
3.927462512172471,470.8100536510209,467.9684298835211,467.9684298835211
3.929602513059117,470.3094114108641,466.6125891356408,466.6125891356408
3.93174875083893,469.8073100815144,465.2525931462645,465.2525931462645
3.933901418378582,469.30370454280217,463.82942069186635,463.82942069186635
3.936060820496431,468.6693917706407,462.3552164687363,462.3552164687363
3.9382271299254836,467.1664450994758,460.8762966868862,460.8762966868862
3.940400524900599,465.6585826033943,459.34554843760793,459.34554843760793
3.942581655045829,464.1453535848668,457.6135518229818,457.6135518229818
3.9447711239006527,462.62633931901655,455.85339314014584,455.85339314014584
3.9469690889479674,461.1014305470303,454.082629973947,454.082629973947
3.949176058970326,459.59156238462856,452.1413592160333,452.1413592160333
3.951392760908863,458.0800752418818,450.104521509288,450.104521509288
3.95361953990097,456.56171692866155,448.0584244058684,448.0584244058684
3.9558566914391484,455.03628595955024,445.94056938180734,445.94056938180734
3.9581048488244823,453.50335050994,443.6825937015622,443.6825937015622
3.960364516833206,451.6772448639799,441.40901678902634,441.40901678902634
3.9626360186082215,449.6534189556319,439.07195519433014,439.07195519433014
3.9649205754510684,447.61796145412245,436.37963272751796,436.37963272751796
3.9672194829126344,445.5697180704783,433.6076710260769,433.6076710260769
3.969533172339553,443.5083044904527,430.8215618717263,430.8215618717263
3.9718616351874427,441.19068794065515,428.1226757631854,428.1226757631854
3.974204737296053,438.6480891538058,425.4549504170284,425.4549504170284
3.976562623923275,436.08944706310285,422.77074675282313,422.77074675282313
3.978933649953598,433.5165468526784,420.75076825209425,420.75076825209425
3.981314347095168,430.9331521121039,419.34165341132814,419.34165341132814
3.9837030712089616,428.3868599424877,417.9277874724624,417.9277874724624
3.9860992541269487,425.8606804893816,416.7347381825214,416.7347381825214
3.988501292190583,423.3283282401526,415.89238678677674,415.89238678677674
3.9909081928273267,420.7908496158925,415.0526103639981,415.0526103639981
3.9933192971839744,418.2489392135885,414.44324858151236,414.44324858151236
3.995732358076713,417.31632240898375,414.37960367706535,414.37960367706535
3.998145722908224,416.816223742955,414.33886388303085,414.37960367706535
4.000558929155731,416.3161579387828,414.4340718991047,414.4340718991047
4.002970235346499,415.8164858653172,414.99228363424544,414.99228363424544
4.00537819142693,415.3175080033893,415.5880767611399,415.5880767611399
4.007782426107687,415.3047,416.2780434163534,416.2780434163534
4.010181275532313,415.3047,417.45665301449685,417.45665301449685
4.012573172891818,415.3047,418.70148094476934,418.70148094476934
4.014957925529294,415.3047,419.9618191223568,419.9618191223568
4.017335049372624,415.48293319686763,421.39350057060824,421.39350057060824
4.019704006345087,416.9641740449206,422.8624644485694,422.8624644485694
4.022064711248079,418.4402551106209,424.3447063509429,424.3447063509429
4.024415954523888,419.9104200922234,426.2734766653246,426.2734766653246
4.026756077249518,421.37363171276047,428.38778450895904,428.38778450895904
4.029084706611728,422.92541009610477,430.4917064617679,430.4917064617679
4.031402017912473,424.89681328516644,432.58255421450366,432.58255421450366
4.033708189028436,426.8587391995097,434.6607613762439,434.6607613762439
4.03600338593677,428.81132904065817,436.7290791256618,436.7290791256618
4.038287648571355,430.7546167815103,438.8320351864463,438.8320351864463
4.040560749329275,432.6941904731211,441.0288601113266,441.0288601113266
4.042822572238458,434.66336544780825,443.2190898167925,443.2190898167925
4.04507328187653,436.6228650516837,445.3948640122646,445.3948640122646
4.047313118069339,438.5728980805179,447.53269502116274,447.53269502116274
4.049542318998976,440.5136718990034,449.6547960597475,449.6547960597475
4.0517610510949105,442.44533140298654,451.76587258524796,451.76587258524796
4.053969917116742,444.4109305467805,453.6801434883915,453.6801434883915
4.056169833824265,446.3709767496339,455.4486254225645,455.4486254225645
4.058361241225809,448.323441468689,457.21026684619505,457.21026684619505
4.0605442286628435,450.2684043039653,458.96878867854633,458.96878867854633
4.062718855572928,452.20591821217704,460.7325847411259,460.7325847411259
4.0648851868527665,453.84430636148545,462.4905947721964,462.4905947721964
4.067043334682062,455.3158676207677,464.23325848211607,464.23325848211607
4.069194071462488,456.78237555967144,465.68288860000223,465.68288860000223
4.071338452326357,458.24454963393146,466.9890804586785,466.9890804586785
4.073476851909443,459.70264529383894,468.2916289807206,468.2916289807206
4.075609675509607,461.1630137374282,469.4338196269267,469.4338196269267
4.077738359108139,462.63985628146656,470.11447728417295,470.11447728417295
4.079864031870187,464.1146099610937,470.7645660461751,470.7645660461751
4.081986794120065,465.58734437952126,471.404498234294,471.404498234294
4.0841076155626705,467.05873230063344,471.6263814723658,471.62276952522643
4.086227946122113,468.5297796558016,471.62276952522643,471.62276952522643
4.08834829292034,469.24749023263877,471.6191575508337,471.6191575508337
4.090468982024034,469.74361458014465,471.4705420105394,471.4705420105394
4.092591541240824,470.2401764310252,470.78870401321336,470.78870401321336
4.094717290901852,470.73748466998455,470.0564238195098,470.0564238195098
4.096846364691027,471.235570571688,469.31976882173353,469.31976882173353
4.098979593555683,471.42601146799404,468.2274152345215,468.2274152345215
4.1011183611989015,470.9256577388169,466.89243402010715,466.89243402010715
4.103263261812014,470.423869232764,465.55362471341874,465.55362471341874
4.105414311466716,469.92064218994426,464.22689795574024,464.22689795574024
4.107571375536903,469.41600810544514,462.96101255300886,462.96101255300886
4.109734337862369,468.90999415435147,461.6985179825556,461.6985179825556
4.111903235735796,467.495224398187,460.43055318451314,460.43055318451314
4.114078434367074,465.9861105577734,459.02784754699957,459.02784754699957
4.116260488895003,464.4722402190905,457.5419405764179,457.5419405764179
4.118449653035404,462.953437358648,456.05119219497595,456.05119219497595
4.120646096164272,461.4295844664134,454.5144719395631,454.5144719395631
4.122850274222415,459.91598242355303,452.8562697309283,452.8562697309283
4.125062570380104,458.40749941996864,451.1849134121485,451.1849134121485
4.127283081612238,456.8934148606745,449.51167990253555,449.51167990253555
4.129511734970508,455.373778486427,447.8941415659976,447.8941415659976
4.131748415618542,453.8486685999055,446.2909228217309,446.2909228217309
4.133993160258955,452.32793698763317,444.6819239297605,444.6819239297605
4.136246314878474,450.817987651169,442.9657584188871,442.9657584188871
4.138508528143738,449.30196767223197,441.12800612927396,441.12800612927396
4.140780205820542,447.7796051272762,439.2824539071376,439.2824539071376
4.14306153601124,446.25077395969583,437.4030865107584,437.4030865107584
4.14535293750877,444.7220202132157,435.42964320677567,435.42964320677567
4.14765478969853,443.2059382794887,433.44043102250123,433.44043102250123
4.149967142184987,441.68294047592826,431.4840320190044,431.4840320190044
4.152288992600398,440.1536869976726,429.9008113781875,429.9008113781875
4.154619175596061,438.61894538493243,428.4034893501314,428.4034893501314
4.156957517525342,436.96016361251895,426.90603804376764,426.90603804376764
4.159303563615428,434.9411211870106,425.59415140388484,425.59415140388484
4.161656595392214,432.91606677483196,424.3748695537451,424.3748695537451
4.164016407275932,430.88517730101466,423.15207825554256,423.15207825554256
4.166382134477374,428.84919701611125,422.2548863791786,422.2548863791786
4.168751986067484,427.1475717061114,421.68020885337666,421.68020885337666
4.17112507177387,426.1439772044687,421.104747069785,421.104747069785
4.173500893726917,425.1392255250232,420.70936220585116,420.70936220585116
4.175878034954726,424.1339159150766,420.6373744729832,420.6373744729832
4.17825556486004,423.1284419307017,420.57181817570466,420.6307994585628
4.18063311334587,422.3454334341046,420.6307994585628,420.6307994585628
4.183009261910205,421.84732433725776,421.06764008297904,421.06764008297904
4.185382874846264,421.3497467810432,421.52997630499453,421.52997630499453
4.187753694420563,420.8527547938138,422.0604903218484,422.0604903218484
4.190120501905476,420.35660385594076,422.9606117654592,422.9606117654592
4.192482129494355,420.6694095615851,423.9140370342867,423.9140370342867
4.194838320066416,421.6601217400362,424.9149178137757,424.9149178137757
4.197187361219855,422.6478277880915,426.49925279546204,426.49925279546204
4.199527246487085,423.63168404229737,428.24708494503074,428.24708494503074
4.201857610094546,424.61153670511135,429.9916282682128,429.9916282682128
4.2041779292384165,425.8873080075141,431.96327559055385,431.96327559055385
4.206487338059457,427.3650650953805,434.0643213872919,434.0643213872919
4.208785621873888,428.8357034534579,436.15524591451424,436.15524591451424
4.211072753135131,430.29920545509094,438.30795362654504,438.30795362654504
4.2133484239870445,431.7553741076172,440.559535138003,440.559535138003
4.215612520227845,433.7426110888837,442.80082700277785,442.80082700277785
4.2178649632265,436.2009925645971,445.1300836010551,445.1300836010551
4.220104580744013,438.64537593901514,447.8880593069409,447.8880593069409
4.222330361459262,441.07465742699696,450.68174077891354,450.68174077891354
4.224542443039031,443.48898728205495,453.4525379206189,453.4525379206189
4.226741512291545,445.75015448849945,456.0304473804854,456.0304473804854
4.228928417997954,447.70989701284043,458.5104500065614,458.5104500065614
4.231103558238662,449.65909620036155,460.97711031733337,460.97711031733337
4.233266796002578,451.5976292718983,463.57023567703146,463.57023567703146
4.235417261774545,453.52471703252377,466.4698826939949,466.4698826939949
4.237554412842476,455.4398731439601,469.3643513061024,469.3643513061024
4.239678497475843,457.86016610968454,472.22641544134814,472.22641544134814
4.241790455900841,460.28821795046133,474.76874834755745,474.76874834755745
4.243891428388817,462.70363960671784,477.1774653431239,477.1774653431239
4.245981848363351,465.10692937184103,479.57408412271343,479.57408412271343
4.248062027578206,467.49844565928015,481.88710194989534,481.88710194989534
4.25013274463058,470.12138673424215,483.9663770264406,483.9663770264406
4.252194636711227,473.05784428219795,486.0208453750456,486.0208453750456
4.254247849907527,475.98194173833053,488.0664162578734,488.0664162578734
4.2562928380240574,478.89432539149584,489.9379583629704,489.9379583629704
4.2583303365966145,481.796042759971,491.66084533756526,491.66084533756526
4.260360720131259,484.6876271990959,493.37771591199294,493.37771591199294
4.262384059165899,486.51246663911843,495.0903409089126,495.0903409089126
4.264400381707533,487.9860007100233,496.81746270853,496.81746270853
4.266409706961335,489.45442114369325,498.5445463009481,498.5445463009481
4.268412095314238,490.9177720710668,500.2656673905812,500.2656673905812
4.270407901509189,492.3763127392667,501.8381087549383,501.8381087549383
4.2723985939024205,493.8311162270761,502.8384498021464,502.8384498021464
4.274385449285633,495.307584203395,503.778216957046,503.778216957046
4.276368605194683,496.7822135007177,504.71623428955604,504.71623428955604
4.278348431066071,498.2543666583301,505.47418438218153,505.47418438218153
4.280325934390851,499.7247928234974,505.9022989346484,505.9022989346484
4.282301779688245,501.19398611748784,506.32287269632764,506.32287269632764
4.284275985758001,502.56537077009693,506.74277137836157,506.74277137836157
4.286249056574352,503.06009151083254,506.90561622292853,506.84597842123077
4.288221926474127,503.5547618744622,506.84597842123077,506.84597842123077
4.290195028538062,504.0494904501056,506.7863336020705,506.7863336020705
4.2921683796368475,504.54428146785926,506.71806017103444,506.71806017103444
4.29414240809126,505.0392423233475,506.43863858517227,506.43863858517227
4.296117703342466,505.42728,506.0683606893649,506.0683606893649
4.298094444928514,505.42728,505.6978116711981,505.6978116711981
4.30007269703321,505.42728,505.2958384447961,505.2958384447961
4.302052994264212,505.42728,504.65396935452765,504.65396935452765
4.304035912317673,505.42728,503.9610565827401,503.9610565827401
4.306021560512448,505.42728,503.2671897877303,503.2671897877303
4.3080100948475115,505.2492333500559,502.49928384523355,502.49928384523355
4.310002154644316,504.74975138007426,501.4876615998781,501.4876615998781
4.311998279556613,504.24925013752954,500.4547085386814,500.4547085386814
4.31399853307674,503.7477137025801,499.4196190091688,499.4196190091688
4.316003236318698,503.24506156024563,498.23568215986165,498.23568215986165
4.3180131396074675,502.74110557671656,496.8390317145393,496.8390317145393
4.320028712160331,501.9600643211802,495.4368310219019,495.4368310219019
4.32205000283362,500.9551834060858,494.0319565476524,494.0319565476524
4.324076954205708,499.9474882850659,492.67340747927557,492.67340747927557
4.326109456980679,498.9370332943831,491.3369044189931,491.3369044189931
4.328147503580686,497.92382220135005,489.99675593257274,489.99675593257274
4.330191095373202,496.90785432612984,488.67406303515946,488.67406303515946
4.332239967084255,495.48010197204167,487.4744238902278,487.4744238902278
4.334293848828947,493.97042458906117,486.292906965725,486.292906965725
4.336352732966253,492.45707026654463,485.1085123630609,485.1085123630609
4.338416959277991,490.9397892525635,483.7793235744903,483.7793235744903
4.340487399874176,489.4179405147079,482.2012225502657,482.2012225502657
4.342564648106361,487.8965762396019,480.6136239661041,480.6136239661041
4.344648782837343,486.39097828166496,479.01988085684167,479.01988085684167
4.34673992066063,484.88032122590766,477.3999758843386,477.3999758843386
4.34883819783012,483.36450664127096,475.76574897477445,475.76574897477445
4.350943707427669,481.84346728457194,474.1258891440963,474.1258891440963
4.353056330541293,480.31728905891396,472.5670679089765,472.5670679089765
4.355175324210581,478.80432228305335,471.2789445323559,471.2789445323559
4.357300079171141,477.2957499212707,470.0077847877173,470.0077847877173
4.359430587551594,475.78309264127574,468.737015893087,468.737015893087
4.3615663595449625,474.2666982051778,467.6936934078588,467.6936934078588
4.3637065951650715,472.7471346017837,466.7837433746317,466.7837433746317
4.365851011141849,471.34657694138696,465.8720160066293,465.8720160066293
4.367999436318431,470.34424499698844,465.0431526180597,465.0431526180597
4.370151006938867,469.340445568924,464.51065209193024,464.51065209193024
4.372304986737932,468.33552215631244,464.00343967175036,464.00343967175036
4.374461308338288,467.3295061935539,463.5022643106206,463.5022643106206
4.376619221852913,466.32274753491697,463.3189751251379,463.3189751251379
4.3787775801698805,465.7434308873288,463.31122543824506,463.31122543824506
4.380935974589753,465.2442859107641,463.3034756218671,463.31122543824506
4.383094071839263,464.7452096570853,463.43884014917876,463.43884014917876
4.385250532761088,464.2465118165163,464.0070181928889,464.0070181928889
4.387404287820397,463.74843972704684,464.60406881307944,464.60406881307944
4.389555259527485,463.70670869124433,465.2086474447059,465.2086474447059
4.391702836293078,464.20335200372836,466.07435034421815,466.07435034421815
4.3938461452573545,464.69900835499334,467.06327920045425,467.06327920045425
4.395984925679219,465.1936174466956,468.0501185740292,468.0501185740292
4.398119029334726,465.68714500093085,469.1126878882735,469.1126878882735
4.400247803101047,466.1953930374684,470.3970756571561,470.3970756571561
4.402370748533341,467.1858375948109,471.69203715443734,471.69203715443734
4.4044878827107485,468.1735709539821,472.9829655773695,472.9829655773695
4.406599303256782,469.1586386605127,474.2483061132515,474.2483061132515
4.4087051316550845,470.14109739170226,475.4983428892159,475.4983428892159
4.4108054385032345,471.1209800843303,476.745102028119,476.745102028119
4.412900049521029,472.10422321709575,478.08800976144414,478.08800976144414
4.414987908239408,473.089617002398,479.8343964774736,479.8343964774736
4.417068101001693,474.0713927337447,481.6182733350596,481.6182733350596
4.419140617166905,475.0495453889798,483.3955670991755,483.3955670991755
4.421205613038822,476.02414873783164,485.132486394069,485.132486394069
4.423263315373921,476.9953098011547,486.82835287782274,486.82835287782274
4.425313874461004,478.897988444965,488.51833041230384,488.51833041230384
4.4273573326733935,480.86061477242447,490.2176264947952,490.2176264947952
4.4293933341010785,482.8160792788635,492.10357662340994,492.10357662340994
4.431421442679865,484.7639631492252,494.04072473003447,494.04072473003447
4.433441629863746,486.7042389666808,495.97030671585276,495.97030671585276
4.4354537723884135,488.6467504786997,497.99921016339897,497.99921016339897
4.437456967497045,490.6156755948696,500.4116125784591,500.4116125784591
4.439450479935151,492.57508368840536,502.84864455041253,502.84864455041253
4.441434377172781,494.5250410751023,505.27392211833893,505.27392211833893
4.443409165959828,496.4660458355438,507.49749622485854,507.49749622485854
4.44537594312926,498.3991760384479,509.3980715148752,509.3980715148752
4.447335418161259,500.34156515789664,511.2869675499844,511.2869675499844
4.449287681041253,502.3052809771457,513.1686875700817,513.1686875700817
4.451233139522667,504.2621524798492,514.8694293644749,514.8694293644749
4.453172475245969,506.2128653053146,516.4138401404444,516.4138401404444
4.455106028319941,508.1577615575693,517.9536458413702,517.9536458413702
4.457033864533397,510.09690741137865,519.4811330016526,519.4811330016526
4.458956762485804,511.8595212607879,520.616903588184,520.616903588184
4.460875871402589,513.3368499825456,521.5342386043004,521.5342386043004
4.4627916106789325,514.8115847574131,522.4499629307734,522.4499629307734
4.464704027797538,516.2837621375434,523.3477631677704,523.3477631677704
4.466613843945516,517.753937292277,523.8737228449744,523.8737228449744
4.468522024194668,519.2228531332212,524.2454223042287,524.2454223042287
4.470428852467165,520.3902831163047,524.6168584083171,524.6168584083171
4.472334358318216,520.8849104189154,524.9733223743934,524.9733223743934
4.474238959513181,521.3793028927538,525.1152955716191,525.1152955716191
4.476143173939249,521.8735949699152,525.1865936677982,525.1865936677982
4.478047129888729,522.3678199522534,525.2578820865251,525.2578820865251
4.479950883336576,522.861992369633,525.2983258225045,525.2578820865251
4.481855075908229,523.25113,525.0156889469145,525.0156889469145
4.483760450593371,523.25113,524.6467541789103,524.6467541789103
4.48566716609337,523.25113,524.2775597909091,524.2775597909091
4.487575278218051,523.25113,523.8790255957899,523.8790255957899
4.489485252701389,523.25113,523.2557534358724,523.2557534358724
4.491397591353165,523.25113,522.5845436954006,522.5845436954006
4.493312389385514,523.1856152806959,521.9124707395977,521.9124707395977
4.4952297470284375,522.6879115142463,521.1902420876261,521.1902420876261
4.497150269002709,522.1893863571522,520.1942649299175,520.1942649299175
4.4990745527381435,521.6898847298071,519.1545403528398,519.1545403528398
4.501002698044637,521.1893807237623,518.112729301119,518.112729301119
4.502934821739678,520.6878440157739,517.0188405003616,517.0188405003616
4.504871393544244,520.1337766804463,515.735578011278,515.735578011278
4.506812829642986,519.1345574795964,514.4313211901804,514.4313211901804
4.508759200495691,518.1327984573668,513.1237492008887,513.1237492008887
4.510710758225097,517.1283698511133,511.70058818794877,511.70058818794877
4.512668257942916,516.1208830196024,510.01371071453394,510.01371071453394
4.514632273939094,515.1100423870266,508.31078204976075,508.31078204976075
4.5166028919565475,514.0162831268367,506.6021290063115,506.6021290063115
4.518580389385804,512.5114927467139,504.7804694084025,504.7804694084025
4.520565307073995,511.0010558691047,502.8217951048703,502.8217951048703
4.522557987762485,509.4847116825922,500.85515642304296,500.85515642304296
4.524558536349073,507.962380364469,498.87454936453105,498.87454936453105
4.52656753967946,506.4336153504287,496.648935245043,496.648935245043
4.52858583461841,504.73540222926476,494.2921183558337,494.2921183558337
4.530613799356141,502.71896946672587,491.9240097848124,491.9240097848124
4.532651469390993,500.69288659601716,489.5947001714176,489.5947001714176
4.5346981943036795,498.65780033782994,487.580340048342,487.580340048342
4.536753285879331,496.6143949935158,485.616265754162,485.616265754162
4.538816723230019,494.56269133222486,483.6442153085373,483.6442153085373
4.540888456827057,492.20185606005725,481.7346481942849,481.7346481942849
4.5429681565130196,489.6833057056501,479.9459887788284,479.9459887788284
4.545055630051031,487.1553410891911,478.1533428851276,478.1533428851276
4.547150934519269,484.6178930880733,476.36522422359286,476.36522422359286
4.549253554213951,482.0715862280167,474.8316108890681,474.8316108890681
4.551362742896863,479.70342353463366,473.4024467970701,473.4024467970701
4.553478318420513,478.6991647535001,471.9689550488104,471.9689550488104
4.55559997309309,477.69202021450883,470.69324569744526,470.69324569744526
4.557726302462992,476.6826566075679,469.8954829519952,469.8954829519952
4.559856175590621,475.6716107870757,469.12821256370614,469.12821256370614
4.561989508959963,474.65892239788946,468.3723809787612,468.3723809787612
4.564125030228187,473.6528559189187,468.16715426160266,468.25610924359694
4.566260816571813,472.65064783512116,468.25610924359694,468.25610924359694
4.568396197255464,471.64863010543195,468.34504733030184,468.34504733030184
4.5705308185860964,470.64696869871295,468.5893434537854,468.5893434537854
4.572663153484092,469.64638019017,469.3502448006666,469.3502448006666
4.574791943796328,468.9722893837386,470.15114334547127,470.15114334547127
4.5769171060102725,469.46946019246343,470.95417231530064,470.95417231530064
4.579038128322042,469.9656624922909,471.9884809796578,471.9884809796578
4.581154198948046,470.4607063706105,473.1610114276674,473.1610114276674
4.583265038697964,470.9545265122774,474.3306434082789,474.3306434082789
4.585370570223011,471.4471048219398,475.5498362105615,475.5498362105615
4.587470219350001,472.3025281764285,476.99245367581466,476.99245367581466
4.58956348033297,473.2904716351859,478.4568258617661,478.4568258617661
4.591650354108415,474.2754005630545,479.9167300844147,479.9167300844147
4.59373035867231,475.2570874715698,481.6226482296745,481.6226482296745
4.595802488526039,476.2350578017599,483.571763889203,483.571763889203
4.597866299647133,477.28700160856897,485.51305466671363,485.51305466671363
4.599921872055546,478.76341250724454,487.4558204684336,487.4558204684336
4.6019690782834495,480.23381441298216,489.48956002283836,489.48956002283836
4.604007758405341,481.6980924596005,491.5416126619591,491.5416126619591
4.606037962755193,483.15628279937664,493.58513393311944,493.58513393311944
4.60805947689191,484.60823141041055,495.77713726724414,495.77713726724414
4.610071124246503,486.5148872490581,498.4400365631783,498.4400365631783
4.612072014334549,488.9661533957078,501.12231515836993,501.12231515836993
4.614062251139695,491.4043683348573,503.79031257326193,503.79031257326193
4.616042284420429,493.83008306016836,506.29995496757283,506.29995496757283
4.61801291324311,496.24427649813333,508.609771475147,508.609771475147
4.619974634262096,498.6475570939747,510.9083695195113,510.9083695195113
4.621927571255121,501.0816304029122,513.1953168006255,513.1953168006255
4.623872100284245,503.5336530357754,515.3358248246827,515.3358248246827
4.625808754950928,505.97574621290005,517.3768453800865,517.3768453800865
4.62773779947596,508.4082431128354,519.4098456845894,519.4098456845894
4.629659345332346,510.83128430140823,521.4227075896147,521.4227075896147
4.6315741025342305,513.2457650960578,523.0988370120535,523.0988370120535
4.633483011357944,515.403982026347,524.6223553919205,524.6223553919205
4.635386392638061,517.3746292271562,526.1414621862033,526.1414621862033
4.6372843362760285,519.3396466183249,527.6327202229163,527.6327202229163
4.639177652256205,521.2998728092389,528.7161008995795,528.7161008995795
4.64106735688928,523.256360027237,529.6511836969223,529.6511836969223
4.6429537311713105,525.2093991988377,530.5846185360442,530.5846185360442
4.64483683495325,526.7283269415138,531.4925121273114,531.4925121273114
4.646717345354173,527.7188116923994,532.0488254997274,532.0488254997274
4.648596095665926,528.7083693856734,532.4887711561753,532.4887711561753
4.650473295021881,529.697110174096,532.9283536262134,532.9283536262134
4.652348995486655,530.6850614806549,533.3401342492804,533.3401342492804
4.654223931486946,531.6726101356712,533.3629428714806,533.3401342492804
4.656099008913945,532.3974,533.2596882498611,533.2596882498611
4.657974449480933,532.3974,533.1564136315735,533.1564136315735
4.65985029478128,532.3974,533.0296028393675,533.0296028393675
4.661727170900169,532.3974,532.57102485747,532.57102485747
4.6636058541049135,532.3974,532.0047167599151,532.0047167599151
4.665486539263802,532.3974,531.4378051954383,531.4378051954383
4.667369268689541,532.3553346835283,530.8500546066387,530.8500546066387
4.669254562765092,531.8573994511951,529.9930950384409,529.9930950384409
4.671143059722569,531.3586182883641,529.05101657613,529.05101657613
4.673034925531952,530.8589473598047,528.1072575590234,528.1072575590234
4.674930263944999,530.3583592630778,527.1142044845876,527.1142044845876
4.676830136226684,529.8565737017416,525.5903431819194,525.5903431819194
4.678735800560469,529.3532583701453,523.9151024449568,523.9151024449568
4.680647577977596,528.3739594427043,522.2344877890249,522.2344877890249
4.6825655648426014,527.3695538302427,520.5283125450879,520.5283125450879
4.684490154351687,526.3616905649201,518.6576911091169,518.6576911091169
4.686421774162344,525.3501456923436,516.7462765046838,516.7462765046838
4.688360565598176,524.3348452045916,514.8277652920378,514.8277652920378
4.690306725973624,523.3156857726294,512.8406135681291,512.8406135681291
4.692261019155476,521.3663205169305,510.55240502125577,510.55240502125577
4.694224184711918,519.3454825335857,508.215734481388,508.215734481388
4.696196418479051,517.3153099403589,505.86827044486876,505.86827044486876
4.698178128436964,515.2753827718216,503.3673512388418,503.3673512388418
4.700170440262616,513.2245422817105,500.49976135913107,500.49976135913107
4.702174266954562,511.13172647753163,497.59897714739645,497.59897714739645
4.704189844181043,508.604751650053,494.6811830399242,494.6811830399242
4.7062173479242055,506.0628242784396,491.76213191993173,491.76213191993173
4.708256926341945,503.50575861378366,488.8413722539712,488.8413722539712
4.710308764871921,500.9333221686893,485.9030556057022,485.9030556057022
4.7123730075405845,498.34533437393293,482.9840735315246,482.9840735315246
4.714448825480437,495.5800955534078,480.4979726963923,480.4979726963923
4.716535150238917,492.5393913278476,478.13139743212605,478.13139743212605
4.718631853292724,489.48356130448065,475.7530497832919,475.7530497832919
4.720738816369306,486.4127778590828,473.4858956547473,473.4858956547473
4.722855261179802,483.3281753051024,471.4992179505848,471.4992179505848
4.724980633684902,480.23056112452923,469.516474286697,469.516474286697
4.727114960989004,478.07242227635925,467.55104790416124,467.55104790416124
4.729256792580045,476.05065501228546,466.23105005613274,466.23105005613274
4.731404046457705,474.0237694178859,465.1923405764174,465.1923405764174
4.7335561056187085,471.99234790917853,464.15130659574226,464.15130659574226
4.735712257988904,469.95706264368346,463.4274886130322,463.50439112565726
4.737869913861448,468.40040465866605,463.50439112565726,463.50439112565726
4.74002712211916,467.39977218125387,463.6198324435294,463.6198324435294
4.742183720624884,466.39942254053176,463.7665330471515,463.7665330471515
4.74433820485245,465.4000536189328,464.530517846438,464.530517846438
4.74648859878681,464.40258200150447,465.5327093056176,465.5327093056176
4.748634373299668,463.5145599889988,466.53274788230596,466.53274788230596
4.750775153002371,464.00963142946284,467.70778201071533,467.70778201071533
4.752909661229394,464.5032525439103,469.27882564365467,469.27882564365467
4.755037013277512,464.9952187380527,470.8597174900968,470.8597174900968
4.757157227792108,465.48553432377525,472.44371983859025,472.44371983859025
4.7592699422750915,465.9741154706626,474.2090204886951,474.2090204886951
4.761374651773089,467.0653841608819,476.04442934328955,476.04442934328955
4.763471277465034,468.53688672662247,477.872788726605,477.872788726605
4.765559634134291,470.00258573469955,479.82199322286186,479.82199322286186
4.767638681476344,471.46175105442217,482.1627587311078,482.1627587311078
4.769707622624777,472.9138234104853,484.521046916116,484.521046916116
4.771766541595613,474.39181739688956,486.8681650513419,486.8681650513419
4.773815355408995,476.84446635399945,489.3125534576523,489.3125534576523
4.77585380024513,479.28470253789146,491.8340411492134,491.8340411492134
4.77788184747498,481.7124916765497,494.34266735139437,494.34266735139437
4.779899553123635,484.12790083799064,496.8887328841687,496.8887328841687
4.781905820427738,486.52961707933537,499.99709626989784,499.99709626989784
4.783899369230908,488.9367815272899,503.24948409473876,503.24948409473876
4.785880116117099,491.3774267899862,506.4809861508637,506.4809861508637
4.7878483462853545,493.8026491490564,509.6703435421344,509.6703435421344
4.789804516847129,496.21301185006905,512.7446350116213,512.7446350116213
4.791749049059449,498.60903395932837,515.7893815357805,515.7893815357805
4.793682169313215,500.99099443215164,518.8162592270146,518.8162592270146
4.795604229120273,503.5606194131069,521.7423162847813,521.7423162847813
4.7975159834592205,506.47867117808164,524.4240773559303,524.4240773559303
4.7994180343966075,509.381911924992,527.07917765315,527.07917765315
4.801310551636569,512.2706006857852,529.7209697246943,529.7209697246943
4.803194123141942,515.1456349115406,532.0969695961479,532.0969695961479
4.8050703376522375,518.009439612646,533.8822127321192,533.8822127321192
4.806940339064399,520.7762119068366,535.6385804896465,535.6385804896465
4.808804228653544,523.2235294403154,537.3892078186078,537.3892078186078
4.810662213295263,525.6630936811871,539.0485126079053,539.0485126079053
4.812514848511774,528.0956340392167,540.4967651877026,540.4967651877026
4.814362548217167,530.5216939903776,541.9321116175553,541.9321116175553
4.816205367032298,532.9413452527479,543.3636664306189,543.3636664306189
4.81804366488303,535.355060414875,544.6007158853371,544.6007158853371
4.819878748697135,536.8833393835157,545.2681689764953,545.2681689764953
4.82171165193442,538.3610367087654,545.8972696093033,545.8972696093033
4.823542445332288,539.83703306912,546.525646089031,546.525646089031
4.825371269159913,541.3114415504083,547.0736782671927,547.0736782671927
4.82719881041036,542.7848160104645,547.2929084083347,547.2929084083347
4.829025679307587,544.257648415416,547.4764312199917,547.4764312199917
4.830851936014401,545.1411661935172,547.6598925321664,547.6598925321664
4.832677690911726,545.6375057610956,547.7774117570059,547.6598925321664
4.834503731300407,546.1339229407652,547.4886904479914,547.4886904479914
4.836330851366278,546.6306336354685,547.1302411831335,547.1302411831335
4.838159169244978,547.1276699609025,546.7715569281966,546.7715569281966
4.839988739726815,547.6250468120556,546.3813304386597,546.3813304386597
4.841820127793763,547.872742218216,545.6869453626579,545.6869453626579
4.843653978342866,547.3742018117912,544.9150139673842,544.9150139673842
4.845490430433976,546.8749541646314,544.1419874921277,544.1419874921277
4.847329515482167,546.3749907364097,543.3558675151144,543.3558675151144
4.849171579001226,545.8742175976708,542.3838923492718,542.3838923492718
4.851017056806798,545.3725162699982,541.347282212615,541.347282212615
4.852866075263447,544.8698524006245,540.3086832824428,540.3086832824428
4.854718673364102,543.899027402284,539.2573036528734,539.2573036528734
4.856575313352328,542.8982584693022,537.95902142677,537.95902142677
4.8584366215066295,541.8949732942856,536.5559134822244,536.5559134822244
4.860302809843118,540.8890575959845,535.1491267144931,535.1491267144931
4.862173922383862,539.8804876455556,533.7355365109458,533.7355365109458
4.864050150057242,538.8691605284912,532.2352888501497,532.2352888501497
4.865931747084524,537.8633081701641,530.6937960445426,530.6937960445426
4.867818825530265,536.8578155605251,529.147812603445,529.147812603445
4.869711439187822,535.8493736222108,527.5941775393343,527.5941775393343
4.871609769264552,534.8378858024466,525.9658970168407,525.9658970168407
4.873514047125548,533.823228822896,524.3036308097437,524.3036308097437
4.875424381653666,532.805344667473,522.63607766716,522.63607766716
4.877340880503113,531.1920018612027,520.936323363469,520.936323363469
4.879264361220178,529.1774051501698,518.8495387354366,518.8495387354366
4.881195841591506,527.1544298382896,516.6304047636402,516.6304047636402
4.883135654465651,525.1227273098475,514.4016973370416,514.4016973370416
4.885083842904162,523.0822524634523,512.1977722959881,512.1977722959881
4.887039951246128,521.0334825448435,510.2442154485361,510.2442154485361
4.889003474242001,519.0057357900714,508.3366814974217,508.3366814974217
4.8909743932704846,516.9886011718963,506.4219624087757,506.4219624087757
4.892952606584833,514.9640012259633,504.5946548973931,504.5946548973931
4.894937323977368,512.932744689333,503.1076821531175,503.1076821531175
4.89692786117903,510.8955318763201,501.6483292055313,501.6483292055313
4.898924206052517,508.8523752088313,500.184718390661,500.184718390661
4.900926265858645,507.21462896232924,498.788389891811,498.788389891811
4.902933709480233,505.70459563469876,497.5052523940504,497.5052523940504
4.904946340615748,504.1906601706223,496.22047698983124,496.22047698983124
4.906964182984375,502.6728047281258,494.93887963168237,494.93887963168237
4.908986426444368,501.1516387096458,494.0624992863024,494.0624992863024
4.91101176460169,499.62814480705765,493.4273281427984,493.4273281427984
4.913039713270441,498.6236358260621,492.7913383109687,492.7913383109687
4.915070142411071,497.6200249571666,492.2224339652899,492.2224339652899
4.9171018441159795,496.6157850787108,492.1740451045627,492.2224339652899
4.919133520607059,495.611557663075,492.2346520293527,492.2346520293527
4.92116494697656,494.607453878808,492.2952514929603,492.2952514929603
4.923195799018252,493.8833,492.5131229375788,492.5131229375788
4.925224960213797,493.8833,493.11618691127126,493.11618691127126
4.927251606737924,493.8833,493.73611586146944,493.73611586146944
4.929275710587744,493.8833,494.35586716043133,494.35586716043133
4.931296702984187,493.8833,495.2577824273024,495.2577824273024
4.9333135450532115,493.8833,496.3928038221837,496.3928038221837
4.935325786019236,494.1508690984042,497.52523584711446,497.52523584711446
4.937333434942161,494.6456118955141,498.66618020126884,498.66618020126884
4.939336194442792,495.139149797468,499.9576407401884,499.9576407401884
4.941333696512204,495.6313921162166,501.29467183482274,501.29467183482274
4.943325885047452,496.1223250263704,502.6281463070426,502.6281463070426
4.945312713252278,496.6119369959772,504.00329144407254,504.00329144407254
4.947293717761496,497.82407425495285,505.5880135809148,505.5880135809148
4.9492684790643136,499.3009677869677,507.1951686043082,507.1951686043082
4.9512370025908865,500.77319618230104,508.797247027398,508.797247027398
4.953199154097972,502.2406590425021,510.49486189915297,510.49486189915297
4.955154349994212,503.70291990859096,512.4241809214519,512.4241809214519
4.95710219299197,505.159681655271,514.3562545536097,514.3562545536097
4.959042746545151,506.63168195778735,516.2810977551662,516.2810977551662
4.960975740330769,508.10260698170896,518.3876659891048,518.3876659891048
4.962900416791336,509.5672028794643,520.753408963458,520.753408963458
4.964816385289473,511.02517239283,523.1104117431582,523.1104117431582
4.966723759383374,512.4766019347012,525.4568417834295,525.4568417834295
4.968622969325915,513.9218189089884,527.6170555444535,527.6170555444535
4.970514757998387,516.1371925512858,529.587152499351,529.587152499351
4.972399535057386,518.5835114182428,531.5499370300688,531.5499370300688
4.974277377929445,521.0208301584953,533.5054903130433,533.5054903130433
4.9761484660918605,523.4493817219827,535.39456846822,535.39456846822
4.97801307298977,525.869521022827,537.2206831385628,537.2206831385628
4.979871363099152,528.281461540224,539.0406114221256,539.0406114221256
4.981723400187802,530.4429484833399,540.8544157692409,540.8544157692409
4.983569560313023,532.4103604620223,542.4776652388665,542.4776652388665
4.985410553674019,534.3722663344424,543.8942048510355,543.8942048510355
4.987246764854423,536.3290759428637,545.3069644265705,545.3069644265705
4.989078231097343,538.2808289764425,546.7160733026045,546.7160733026045
4.99090544436853,540.2280497121901,547.8480756639439,547.8480756639439
4.992729570688594,541.9418505417325,548.5676931108059,548.5676931108059
4.99455131386622,542.9294973863057,549.2823617658502,549.2823617658502
4.9963706898564375,543.9158608748044,549.9961017754069,549.9961017754069
4.998187901468617,544.9010509590785,550.5915083493802,550.5915083493802
5.000003585407963,545.8854128249345,550.9218864529813,550.9218864529813
5.00181819759665,546.8691936477712,551.242080738184,551.242080738184
5.003631756361685,547.8524033634617,551.5620891436827,551.5620891436827
5.005444345354482,548.4201000443334,551.8320767105415,551.8320767105415
5.007256339185327,548.9155531585361,551.9244482637087,551.9244482637087
5.009068055590857,549.4109304163901,552.001090818511,552.001090818511
5.010879520483658,549.9062389031683,552.0777227340019,552.0777227340019
5.012690802623427,550.4014974198212,552.1124848925905,552.0777227340019
5.014502382124297,550.8968372438608,551.8965169624764,551.8965169624764
5.01631473935916,551.17235,551.6387412391873,551.6387412391873
5.018127943888144,551.17235,551.3808450034995,551.3808450034995
5.019942034959165,551.17235,551.0997095852482,551.0997095852482
5.021757474381776,551.17235,550.5622082869145,550.5622082869145
5.023574805336292,551.17235,549.95314232392,549.95314232392
5.025394151196431,551.17235,549.3434010794821,549.3434010794821
5.0272155321901595,551.1462286521703,548.7248457771514,548.7248457771514
5.0290392907270265,550.6475587167304,547.9121584902095,547.9121584902095
5.030865895378267,550.1481105688015,547.016258358986,547.016258358986
5.032695496552028,549.6478430823131,546.1188885149019,546.1188885149019
5.034528112481077,549.1467512718839,545.217998377013,545.217998377013
5.036363982619189,548.6447696637151,544.184654862111,544.184654862111
5.038203478295435,548.1417967253728,543.0710120503488,543.0710120503488
5.04004675388912,547.2839599882213,541.9550808516786,541.9550808516786
5.041893834368578,546.282576681499,540.8359284330878,540.8359284330878
5.043745115067207,545.2789162518197,539.4989255430504,539.4989255430504
5.045601280707556,544.2726074810707,537.9932238956083,537.9932238956083
5.047462655909301,543.2634743786944,536.483296308177,536.483296308177
5.049329285099514,542.2514928588266,534.9689266526291,534.9689266526291
5.051201431524456,541.0130488400519,533.3261078558063,533.3261078558063
5.053079551031685,539.5076187736436,531.5717436863195,531.5717436863195
5.054963889587002,537.997203751836,529.8115702614914,529.8115702614914
5.056854509948593,536.481753470026,528.0452140907736,528.0452140907736
5.0587516590392205,534.961070004199,526.1715197058321,526.1715197058321
5.0606557353308315,533.4348339542066,524.2102228115474,524.2102228115474
5.062566962499616,531.9113616191762,522.241560144899,522.241560144899
5.064485430056269,530.4000074194009,520.2609372927399,520.2609372927399
5.066411811910513,528.8824183959719,517.9599220189515,517.9599220189515
5.068347149425913,527.3577741705644,515.4576139011174,515.4576139011174
5.0702919282778165,525.8256921318216,512.9430985414275,512.9430985414275
5.072246268393506,524.2860778019394,510.4264160397661,510.4264160397661
5.074209921645604,522.4172631750534,508.08870821267027,508.08870821267027
5.076182510187614,519.8863794053323,505.81258783873307,505.81258783873307
5.078164015634114,517.344055009059,503.52617847318487,503.52617847318487
5.080154479063087,514.7902372820836,501.2700184813244,501.2700184813244
5.082153414708602,512.2255494750689,499.2664542424113,499.2664542424113
5.084160309465891,509.6506499151292,497.3018835312041,497.3018835312041
5.086175164010563,507.34995239861746,495.32952089939323,495.32952089939323
5.088197694186633,505.32727414755664,493.53413933081094,493.53413933081094
5.090226676814964,503.298142971832,492.1833959529074,492.1833959529074
5.092261200709029,501.2634701246834,490.84938578603067,490.84938578603067
5.094301264678721,499.22325679630194,489.51384859139006,489.51384859139006
5.0963457351176755,497.1786366760498,488.7352026027311,488.7352026027311
5.098392552023107,495.55905592780164,488.39188755794044,488.39188755794044
5.100440808751537,494.0535131352631,488.04833100992596,488.04833100992596
5.102490416923809,492.5469769826109,487.74802679182585,487.8446930023076
5.104540452742093,491.0401264946695,487.8446930023076,487.8446930023076
5.106589881662709,489.5337220984693,488.0369574969978,488.0369574969978
5.108638503518753,488.21057,488.22914627796087,488.22914627796087
5.110686030803677,488.21057,488.5589252137215,488.5589252137215
5.112731455557702,488.21057,489.2335592789703,489.2335592789703
5.1147740291581965,488.21057,489.92381032930393,489.92381032930393
5.116813725693033,488.21057,490.6146956483732,490.6146956483732
5.118849791666032,488.21057,491.6728861658203,491.6728861658203
5.1208809056688285,488.64098688326726,493.0102416353996,493.0102416353996
5.122906524851267,489.630719071449,494.3439791254095,494.3439791254095
5.1249266174124095,490.61775091248023,495.7115532374203,495.7115532374203
5.1269403413630155,491.6016710043252,497.47637321077667,497.47637321077667
5.128946728950854,492.5820064962429,499.34349799189437,499.34349799189437
5.13094564212814,493.5586899370853,501.2036671591908,501.2036671591908
5.132937112058921,494.8701101211732,503.08315327533137,503.08315327533137
5.134920976305136,496.34526612178297,505.05419732526514,505.05419732526514
5.136897109800989,497.8146737135444,507.027022682233,507.027022682233
5.1388655838562025,499.2783859207343,508.9922014206829,508.9922014206829
5.140825905826025,500.7360364240021,511.2533780620083,511.2533780620083
5.142776509586062,502.18646068912994,514.0779675500271,514.0779675500271
5.144716428541072,504.41413575391925,516.9006653156137,516.9006653156137
5.146645811030745,506.8611527869134,519.7080318953397,519.7080318953397
5.148564886220497,509.29509717173914,522.4679270003472,522.4679270003472
5.150473946220471,511.7163393888459,525.1750777434534,525.1750777434534
5.152373215673185,514.1251643501555,527.8682802002979,527.8682802002979
5.154262843838673,516.5217613607138,530.5477906650344,530.5477906650344
5.156143523254272,518.9558240800334,532.9028922259465,532.9028922259465
5.158016453516211,521.4008482305617,534.9464373402574,534.9464373402574
5.159882256083483,523.8365675041523,536.9822054615141,536.9822054615141
5.161741011719398,526.2630873335866,539.0102847101184,539.0102847101184
5.163592694047914,528.6803732861563,541.0926048355038,541.0926048355038
5.165437167922404,531.0882489341675,543.2316628409213,543.2316628409213
5.167274407203691,533.2917609064752,545.362339170927,545.362339170927
5.169104496345939,535.2533453426477,547.4847233683366,547.4847233683366
5.170928008658004,537.2078803912091,549.3027686162346,549.3027686162346
5.172746202580174,539.1567149137127,550.6916621882406,550.6916621882406
5.174559827636638,541.1006522890484,552.0738376375836,552.0738376375836
5.176368923387393,543.0397349196728,553.452561274245,553.452561274245
5.178173738504583,544.9431024501773,554.6955794465329,554.6955794465329
5.179975009839596,546.4206817578779,555.6321007806379,555.6321007806379
5.181773269593753,547.8957906717696,556.5550416249597,556.5550416249597
5.18356855220038,549.3684574374392,557.4764544750741,557.4764544750741
5.185361030176131,550.8388235699585,558.2979713524268,558.2979713524268
5.18715153220296,552.3075688354902,558.7073370218066,558.7073370218066
5.188940795851006,553.7752982613601,559.0710372974174,559.0710372974174
5.190728896260428,554.6609244392507,559.4345011235744,559.4345011235744
5.19251589594992,555.155221482561,559.7599681847566,559.7401771427291
5.194302407554204,555.6493835179713,559.7401771427291,559.7401771427291
5.19608911510746,556.1435997542851,559.6372012536466,559.6372012536466
5.197876151483871,556.6379069454624,559.5342064129078,559.5342064129078
5.199663532345784,557.1323094238221,559.4215029759731,559.4215029759731
5.2014517602517945,557.57667,559.004326047725,559.004326047725
5.203241556010678,557.57667,558.441894691748,558.441894691748
5.205033156171509,557.57667,557.8788963139403,557.8788963139403
5.206826566352733,557.57667,557.3152359995968,557.3152359995968
5.208622231980641,557.57667,556.4785002429923,556.4785002429923
5.210421011793091,557.57667,555.3873947201616,555.3873947201616
5.212223332437465,557.57667,554.2941413962087,554.2941413962087
5.214029214906523,557.2587888421226,553.1987275371209,553.1987275371209
5.21583911704826,556.7581568148189,551.835074887144,551.835074887144
5.2176542453299,556.2560791994063,550.0184177037642,550.0184177037642
5.219475400892222,555.7523343945486,548.1884541505273,548.1884541505273
5.221302656303713,555.2469023272774,546.3523612462177,546.3523612462177
5.223135954452486,554.7397987951542,544.5805439943232,544.5805439943232
5.224974937292048,553.836393487556,542.9795414879535,542.9795414879535
5.226819344135549,551.8249065781256,541.3822665208372,541.3822665208372
5.228669208825453,549.8074674100417,539.7802650039853,539.7802650039853
5.230524678870951,547.7839151116359,538.1162879716425,538.1162879716425
5.232386213213691,545.75374916692,536.2694292049035,536.2694292049035
5.234254202998503,543.7165429982597,534.4034892424074,534.4034892424074
5.236128738088871,541.6805046271866,532.5310111567059,532.5310111567059
5.238009996857341,540.1725582468589,530.590499268495,530.590499268495
5.239898515301305,538.6587927832834,528.4450714002124,528.4450714002124
5.241794759424069,537.13883470571,526.2759085715388,526.2759085715388
5.243698851886872,535.6125856934968,524.0977678228921,524.0977678228921
5.245611033610045,534.0798526339549,521.8328329964556,521.8328329964556
5.247531942053508,532.5401245631501,519.3471389353508,519.3471389353508
5.249462111027928,530.1100997920057,516.8376497213862,516.8376497213862
5.251401697941265,527.5780584546801,514.3159158715804,514.3159158715804
5.253350634539485,525.0338115345821,511.89046470911404,511.89046470911404
5.255308470834574,522.4779464703288,509.65031619501866,509.65031619501866
5.257274943072572,519.9108075805607,507.40434375522744,507.40434375522744
5.25925015823344,517.3322552078671,505.1486001793119,505.1486001793119
5.261233534158544,515.2939559825836,503.2367311750389,503.2367311750389
5.263223837149772,513.2687155452222,501.63793947479667,501.63793947479667
5.265220503900146,511.2369996403495,500.0340358265605,500.0340358265605
5.2672235676240415,509.19877447055114,498.4389932885056,498.4389932885056
5.269232509044777,507.1545684278053,497.11196351366584,497.11196351366584
5.271246613498471,505.1904896459596,495.8867071020894,495.8867071020894
5.273265706853369,503.68044085569454,494.65841575213295,494.65841575213295
5.275289491179893,502.1668837600746,493.5903368244982,493.5903368244982
5.277315998643328,500.6512900723437,493.32936415638693,493.32936415638693
5.279343352555337,499.1350633387742,493.178238235197,493.178238235197
5.2813713279053225,497.61837184132355,493.0270659901499,493.178238235197
5.28339921353622,496.5326049185471,493.2218859075837,493.2218859075837
5.285425066170002,496.0333762002565,494.01739559394946,494.01739559394946
5.287447639828577,495.53495551635206,494.8224011718352,494.8224011718352
5.2894669165057735,495.03734730407587,495.63193262710723,495.63193262710723
5.291482169153316,494.54073072916435,496.8008409854626,496.8008409854626
5.293492260888108,494.0453859525139,498.18053773348316,498.18053773348316
5.295496801042594,494.54900368674225,499.5564239596032,499.5564239596032
5.297495790218296,495.53707424945924,500.95118813982003,500.95118813982003
5.299488820159471,496.5221992513475,502.54857191407103,502.54857191407103
5.301475437431693,497.5041545665272,504.19054597691337,504.19054597691337
5.3034556058785345,498.4829223234151,505.82718997236003,505.82718997236003
5.30542909779151,499.4583899690997,507.60801210234416,507.60801210234416
5.307394597134794,500.85152184164235,509.95050602660484,509.95050602660484
5.30935100369957,502.32316422474014,512.337468152702,512.337468152702
5.3112983374114835,503.7879818531842,514.713360720812,514.713360720812
5.313236307367064,505.2457559044219,517.3008698620345,517.3008698620345
5.315163733566967,506.69559876282347,520.3613754949389,520.3613754949389
5.317079858195469,508.1369403864769,523.4210359802436,523.4210359802436
5.318984846636291,510.8486884611066,526.4629142439645,526.4629142439645
5.320879386686526,513.7740639076674,529.2094307510391,529.2094307510391
5.3227649550563605,516.6855861060194,531.4835813459953,531.4835813459953
5.324642501338248,519.5847213299676,533.7412834471312,533.7412834471312
5.326512138924194,522.4716446690727,535.9894755406509,535.9894755406509
5.328373468940782,525.3457402194927,538.5169516486392,538.5169516486392
5.330225301354382,527.9363902163022,541.5026387155259,541.5026387155259
5.3320669676671795,530.3826259291554,544.4785756511814,544.4785756511814
5.3338986223249005,532.8155634304803,547.4383348167379,547.4383348167379
5.335720399645571,535.2353811312887,550.3986619075133,550.3986619075133
5.337532373542384,537.6421772084832,553.3780401816787,553.3780401816787
5.339334641799676,540.036081546361,556.3425939186893,556.3425939186893
5.341127356904833,542.5877091802759,559.291433661534,559.291433661534
5.342910809772892,545.5222095956033,562.1359410837947,562.1359410837947
5.344685807538022,548.4427979510692,564.6315684359864,564.6315684359864
5.346453044138561,551.3506160555662,567.0841238431026,567.0841238431026
5.34821267040178,554.2459120808853,569.5261176909402,569.5261176909402
5.349964803119567,557.1288781968597,571.9450512552576,571.9450512552576
5.351709759914722,560.0000370213038,574.2196459330505,574.2196459330505
5.353447886029262,562.5729482042543,576.4491644419675,576.4491644419675
5.355179315386611,565.0236276333753,578.6700929277837,578.6700929277837
5.356904125455056,567.4649380662486,580.8820889126455,580.8820889126455
5.358622761663516,569.8975099666468,582.834595472593,582.834595472593
5.36033596972112,572.3223988174423,584.5685131168827,584.5685131168827
5.3620441111092125,574.7401162623146,586.297302844861,586.297302844861
5.3637472305167995,577.1507255544539,588.0210098856367,588.0210098856367
5.365445465157841,579.140193222489,589.674872595009,589.674872595009
5.367139268234702,581.1086126943255,591.1016577588128,591.1016577588128
5.368829019205681,583.0723230921094,592.5063716926917,592.5063716926917
5.370514773557119,585.0313888981846,593.9077631792078,593.9077631792078
5.372196575859736,586.9858619095248,595.2942706173544,595.2942706173544
5.373874977201451,588.9363825619685,596.3167122464525,596.3167122464525
5.375550745677632,590.8091985113133,597.1661832896211,597.1661832896211
5.377224133746052,591.7985268690973,598.014447670274,598.014447670274
5.378895151522022,592.7864538797689,598.8615105153965,598.8615105153965
5.380563919845827,593.773050985646,599.6276918810323,599.6276918810323
5.3822308535135885,594.7585634194829,600.1803526918909,600.1803526918909
5.383896269629352,595.7431786572329,600.720963428188,600.720963428188
5.385560188322092,596.726908599403,601.2610880854642,601.2610880854642
5.387222622610934,597.6533155498026,601.7942183298393,601.7942183298393
5.3888838369083985,598.1486507342464,602.1444741836295,602.1444741836295
5.390544199761039,598.6437320377912,602.4115631609893,602.4115631609893
5.39220382679079,599.1385939361895,602.6785337726967,602.6785337726967
5.39386271897507,599.6332367208844,602.9453861753531,602.9453861753531
5.395521010638699,600.1277004443899,603.1150936936336,603.0032134191565
5.3971792227771065,600.6221404553377,603.0032134191565,603.0032134191565
5.39883776723494,601.05771,602.8734296337769,602.8734296337769
5.400496668813408,601.05771,602.7436179031434,602.7436179031434
5.402155936905173,601.05771,602.6071241335208,602.6071241335208
5.403815954375002,601.05771,602.1996114347165,602.1996114347165
5.405477291513943,601.05771,601.6502090921151,601.6502090921151
5.407140147106445,601.05771,601.1003045982056,601.1003045982056
5.408804525323713,601.05771,600.549896574234,600.549896574234
5.410470528542357,601.05771,599.9282980878246,599.9282980878246
5.412138578015208,601.05771,599.0775105243516,599.0775105243516
5.413809024125218,601.05771,598.2080784326564,598.2080784326564
5.415481901593186,601.05771,597.3373808703072,597.3373808703072
5.417157225838002,601.05771,596.4620173802838,596.4620173802838
5.418835199645981,601.05771,595.45255545372,595.45255545372
5.420516119815323,601.05771,594.3729241726713,594.3729241726713
5.422200098814137,600.8554748246233,593.2913282489154,593.2913282489154
5.423887153402282,599.8522905548716,592.2077569170154,592.2077569170154
5.425577391072764,598.8472135081156,591.0589045027893,591.0589045027893
5.427271159501044,597.8400369438291,589.7415260811404,589.7415260811404
5.42896873266737,596.8305979433503,588.4124321495073,588.4124321495073
5.430670148987458,595.8188736632915,587.0803292678837,587.0803292678837
5.43237543769844,594.8048467181866,585.7431269812007,585.7431269812007
5.434084671962465,593.6135763994844,584.3730963352197,584.3730963352197
5.435797937210072,592.1073181593438,582.9901066966363,582.9901066966363
5.437515276424646,590.5974781934183,581.6038284527563,581.6038284527563
5.43923671880772,589.0840308284805,580.2142380306814,580.2142380306814
5.440962029457566,587.5671825840172,578.9985679284468,578.9985679284468
5.442690644711433,586.047429017658,577.9977573116137,577.9977573116137
5.444422257457068,584.5250401345083,576.9957654954252,576.9957654954252
5.4461568825090065,583.3246454208088,575.9920306191891,575.9920306191891
5.447894486540178,582.3208161565649,575.0190129710821,575.0190129710821
5.449634845637607,581.3153952661019,574.1697350681662,574.1697350681662
5.451377763838545,580.3084959588382,573.3316598565425,573.3316598565425
5.453123233511283,579.30012264368,572.4923577792522,572.4923577792522
5.454871250882416,578.2902775005564,571.6616348244429,571.6616348244429
5.456621598362972,577.2790862325473,570.9690468065872,570.9690468065872
5.458374002051576,576.2778800876576,570.3208615176959,570.3208615176959
5.460128399665015,575.2759890950051,569.6719387088463,569.6719387088463
5.4618847978141485,574.2729556482832,569.022412414672,569.022412414672
5.463643072831433,573.26885037082,568.4563526475683,568.4563526475683
5.465402989530006,572.263807571735,567.9612864267943,567.9612864267943
5.467164441608611,571.2578879569196,567.46578830212,567.46578830212
5.46892743309275,570.4317915795009,566.9698571417189,566.9698571417189
5.47069181867931,569.9323443224116,566.569356113539,566.569356113539
5.472457127246622,569.4326357957857,566.3770843201424,566.3770843201424
5.474223023997299,568.932760771218,566.1919929200112,566.1919929200112
5.475989498218594,568.4327222811821,566.006840992129,566.006840992129
5.477756487050568,567.9325381195342,565.8622441146915,565.9279246605624
5.479523599066482,567.4323190880252,565.9279246605624,565.9279246605624
5.481290459167525,567.32294,566.0236164448407,566.0236164448407
5.483057020614202,567.32294,566.1192920539604,566.1192920539604
5.484823265244874,567.32294,566.2266940352675,566.2266940352675
5.486588872418558,567.32294,566.5281856965483,566.5281856965483
5.488353433557249,567.32294,566.8982336735629,566.8982336735629
5.490116843613254,567.32294,567.2680402562276,567.2680402562276
5.49187910453165,567.32294,567.6378022470776,567.6378022470776
5.493640011270829,567.32294,568.1409121715303,568.1409121715303
5.49539918316758,567.32294,568.7579849118354,568.7579849118354
5.497156448519741,567.32294,569.37438888442,569.37438888442
5.498911813512707,567.32294,569.9901262594586,569.9901262594586
5.500665175034659,567.32294,570.6763585585026,570.6763585585026
5.502416182995281,567.32294,571.5235315763045,571.5235315763045
5.504164589718033,567.9103632888527,572.3757018997884,572.3757018997884
5.505910397220939,568.9016045192516,573.2266053678784,573.2266053678784
5.507653586593931,569.891359217881,574.0963305446224,574.0963305446224
5.5093939410000985,570.8795042682532,575.0957567631149,575.0957567631149
5.511131240493066,571.8659147883786,576.1171356679321,576.1171356679321
5.512865465421879,572.8505796207637,577.1367070002435,577.1367070002435
5.514596631996682,573.8335079692647,578.1545176754445,578.1545176754445
5.516324753432259,574.8251631607027,579.1724537227698,579.1724537227698
5.518049841291662,575.8160218296584,580.1896789152887,580.1896789152887
5.519771909897713,576.8051462951416,581.2051237574752,581.2051237574752
5.5214909750481045,577.792545631054,582.2187975651079,582.2187975651079
5.523207011257551,578.7782051991185,583.2587029887551,583.2587029887551
5.524919909295345,579.7620622592299,584.3541474434162,584.3541474434162
5.52662959978773,580.7459431304064,585.4492536082801,585.4492536082801
5.5283360981901115,581.7375142425826,586.5423151472971,586.5423151472971
5.530039407604852,582.7272323744,587.6435032058074,587.6435032058074
5.531739402866209,583.7150247975551,588.8315641373896,588.8315641373896
5.533435945236774,584.7008108978462,590.0379584788151,590.0379584788151
5.535129025905105,585.6845855553311,591.2418912379524,591.2418912379524
5.536818665975452,586.666361032761,592.4433774226445,592.4433774226445
5.538504990646366,587.6498893511362,593.5689224398211,593.5689224398211
5.540188234508107,588.6393119816112,594.6139621664173,594.6139621664173
5.541868525257192,589.6269987516107,595.6571485565663,595.6571485565663
5.543545878410345,590.6129587819723,596.6985111787526,596.6985111787526
5.545220316478557,591.5972053048172,597.7329449887142,597.7329449887142
5.546891901565404,592.5797748250657,598.73705485872,598.73705485872
5.548560694145239,593.560702889969,599.7350686841967,599.7350686841967
5.550226714304161,594.5444863086191,600.7314244754339,600.7314244754339
5.551889975818385,595.5335223476882,601.7261274478712,601.7261274478712
5.553550504712818,596.5209334712335,602.7102071651731,602.7102071651731
5.555208338222024,597.5067418202871,603.6843390434484,603.6843390434484
5.556863500876797,598.4909619817545,604.656901545939,604.656901545939
5.558516005544375,599.4736016069651,605.6279022329612,605.6279022329612
5.560165900804286,600.4546895830813,606.5709925470985,606.5709925470985
5.5618134619403055,601.4387670932483,607.3450008415614,607.3450008415614
5.5634589660682305,602.428615069929,608.0884425243023,608.0884425243023
5.565102460874492,603.4172543453069,608.8309763916269,608.8309763916269
5.566743953701911,604.4046893364339,609.5726057617075,609.5726057617075
5.568383670624252,605.391056037291,610.1503973657298,610.1503973657298
5.570022128925639,606.3766656185617,610.5093968445033,610.5093968445033
5.571659625831957,607.3616968755687,610.8670612055812,610.8670612055812
5.5732961645398245,608.1952349153187,611.2245162754015,611.2245162754015
5.57493177231226,608.691460844452,611.5626253714821,611.5626253714821
5.576566793018982,609.187508664118,611.6634814141477,611.6634814141477
5.5782016387237565,609.6835033900625,611.6935579490141,611.6935579490141
5.579836404048288,610.1794737294997,611.723633005161,611.723633005161
5.581471089004433,610.6754196860263,611.7537065830452,611.723633005161
5.583105833556915,611.1713837234454,611.6790336662435,611.6790336662435
5.584741115117403,611.56402,611.3520279567829,611.3520279567829
5.586377286719427,611.56402,611.0137377785601,611.0137377785601
5.588014364696579,611.56402,610.6752602007147,610.6752602007147
5.589652357783391,611.56402,610.3312110084386,610.3312110084386
5.591291589580521,611.56402,609.7527655528448,609.7527655528448
5.592932546475788,611.56402,609.0486991148626,609.0486991148626
5.594575402533035,611.56402,608.3438178259894,608.3438178259894
5.596220164361561,611.5002583773519,607.6381188492941,607.6381188492941
5.5978669044058,611.000655035851,606.8831286664395,606.8831286664395
5.599515959972601,610.5003491895354,605.9330235943588,605.9330235943588
5.6011676330456055,609.9992492197941,604.9611424903319,604.9611424903319
5.6028219638414996,609.4973429253137,603.9876975229057,603.9876975229057
5.60447896559062,608.9946262921512,603.0124199164993,603.0124199164993
5.606138732043857,608.4910708772884,601.9772772927857,601.9772772927857
5.607801418998483,607.9325379561888,600.8959458863258,600.8959458863258
5.609467103419901,606.9305505856632,599.8126650720316,599.8126650720316
5.611135801578216,605.9267503109218,598.7274242684095,598.7274242684095
5.612807536370397,604.9211233583637,597.63558447654,597.63558447654
5.614482360734871,603.9136378830399,596.520523029816,596.520523029816
5.616160325400851,602.9042633689469,595.4007407392442,595.4007407392442
5.617841451812294,601.8929869165386,594.2788484718092,594.2788484718092
5.619525759422567,600.881840646136,593.1537696979697,593.1537696979697
5.621213428798727,599.8782908009784,591.9137666206435,591.9137666206435
5.622904749777058,598.872569579813,590.595355981749,590.595355981749
5.624599854837443,597.8645982052626,589.2739955931812,589.2739955931812
5.626298769493224,596.8543615061621,587.9496655663206,587.9496655663206
5.6280017050263975,595.841733846521,586.4947162063822,586.4947162063822
5.629709449877684,594.8262463906926,584.6433472736611,584.6433472736611
5.631422660518956,593.6417200279338,582.7584687390115,582.7584687390115
5.633141430450616,592.1306222127623,580.8674738590959,580.8674738590959
5.634865811087295,590.6145916116839,578.972353299337,578.972353299337
5.6365958094752315,589.093622029829,577.1011169303333,577.1011169303333
5.638331420611991,587.5677178652086,575.2337636570868,575.2337636570868
5.6400726844180475,586.0368440207803,573.3603286469898,573.3603286469898
5.641819656482205,584.5009516243126,571.4807549120321,571.4807549120321
5.643571776860528,582.6580918737045,569.9952600549877,569.9952600549877
5.6453278636598885,580.6407293073653,568.9016582569975,568.9016582569975
5.647087332712012,578.6194812667354,567.8059501635848,567.8059501635848
5.648850203635405,576.594325214407,566.7081235572059,566.7081235572059
5.650616354561894,574.5654011504594,565.6988291972064,565.6988291972064
5.652385304264817,572.5332618998764,564.9161087199943,564.9161087199943
5.654156690969329,570.5548166569356,564.1433630231556,564.1433630231556
5.6559305073982085,569.5534736013906,563.3695573886615,563.3695573886615
5.657706630822519,568.5508282161254,562.6787370978878,562.6787370978878
5.659484169120084,567.5473841160183,562.4728670597275,562.4728670597275
5.6612622350037505,566.5436421865138,562.3448600415954,562.3448600415954
5.663040705722184,565.539671722378,562.2168238788092,562.2168238788092
5.664819559996724,564.5354847356998,562.1023794127531,562.213924746662
5.666598418857248,563.7956090516866,562.213924746662,562.213924746662
5.668376798101897,563.2979814703192,562.4056209030035,562.4056209030035
5.67015457139178,562.8005234477257,562.5972517418718,562.5972517418718
5.671931737461083,562.3032353381077,562.7900112839459,562.7900112839459
5.673707897405434,561.8062287632231,563.2348822174513,563.2348822174513
5.6754823557813525,561.3096983226533,563.8699640403272,563.8699640403272
5.677254817844913,560.8137264918926,564.5043313794621,564.5043313794621
5.679025290318714,561.295048610182,565.1379866407428,565.1379866407428
5.6807934668378195,561.7898212562757,565.9714157353757,565.9714157353757
5.6825584862546075,562.2837104793341,567.1618452081443,567.1618452081443
5.68431979780029,562.77656216277,568.3568652647145,568.3568652647145
5.68607741378008,563.268379749838,569.5493779423037,569.5493779423037
5.687831236054669,563.759135779115,570.8184380313254,570.8184380313254
5.689580636344164,564.6419061103925,572.4327662753519,572.4327662753519
5.691325054596305,566.1233108650149,574.0836406736804,574.0836406736804
5.693064470801712,567.60046775316,575.7297812582875,575.7297812582875
5.694798915457392,569.0734026736709,577.3794209861652,577.3794209861652
5.696528192080629,570.5419487683794,579.1763324118965,579.1763324118965
5.6982520353852575,572.0058807494661,581.0248713755384,581.0248713755384
5.6999704115686605,573.4651699108808,582.8675477492756,582.8675477492756
5.701683372320221,575.2822228189507,584.7044169611221,584.7044169611221
5.703390932150846,577.2552015726715,586.5605582944163,586.5605582944163
5.705093054915729,579.2218981364504,588.445845509304,588.445845509304
5.706789741341755,581.1823133501593,590.3253487058628,590.3253487058628
5.7084810428477955,583.1365066250928,592.1988867608636,592.1988867608636
5.710167000422369,585.0845253209245,594.0735466838898,594.0735466838898
5.7118475918061975,587.0263437184476,595.9868026876333,595.9868026876333
5.71352279435353,588.5788274404322,597.9017504094415,597.9017504094415
5.71519264864304,590.0554245021522,599.8105844623791,599.8105844623791
5.716857205575095,591.5273372854281,601.7133630306037,601.7133630306037
5.718516449512167,592.9945519625098,603.6580480796487,603.6580480796487
5.720170299699104,594.4569971242809,605.644591820524,605.644591820524
5.7218187428253025,595.9146610006128,607.6246408526765,607.6246408526765
5.723461831580176,597.3675901830165,609.598258411692,609.598258411692
5.725099620268699,599.2557188509918,611.563662362095,611.563662362095
5.726732180787618,601.2198733631994,613.5088658694557,613.5088658694557
5.728359585142056,603.1778244277475,615.4450562595121,615.4450562595121
5.72998188566288,605.1296350045732,617.3751744070785,617.3751744070785
5.731599130071097,607.0753625074321,619.2992770881173,619.2992770881173
5.733211643062884,609.0153975824614,621.0031481312194,621.0031481312194
5.734820269015782,610.9507561111195,622.2953058563153,622.2953058563153
5.736425574206605,612.5727739612312,623.5750255854176,623.5750255854176
5.738027591667496,614.0478374027516,624.8521243971596,624.8521243971596
5.73962634171971,615.5198923657717,626.1264589088767,626.1264589088767
5.7412218561609425,616.9889681281365,627.3890074799103,627.3890074799103
5.742814173004287,618.4550996905409,628.643674717597,628.643674717597
5.744403318161772,619.9183109115793,629.8958428238266,629.8958428238266
5.745989310511046,621.3786191729159,631.145526671748,631.145526671748
5.747572266219702,622.6477199149303,632.314784913822,632.314784913822
5.749153099061617,623.6321988853806,632.8413362179369,632.8413362179369
5.7507327946535165,624.6159696223635,633.2254898133509,633.2254898133509
5.752311532485251,625.5991439049235,633.6094104985032,633.6094104985032
5.753889314296767,626.5817228166288,633.9930986969232,633.9930986969232
5.7554663377874675,627.5638294766977,634.2188684533919,633.9930986969232
5.757043418673814,628.5459718804618,633.9469620109026,633.9469620109026
5.758621221711561,629.5065799359802,633.6384530403872,633.6384530403872
5.760199793332205,630.0023914704068,633.3297937885138,633.3297937885138
5.761779134660024,630.4984447611721,633.0209840353816,633.0209840353816
5.763359599383123,630.9948508977191,632.4298717567863,632.4298717567863
5.76494201613008,631.4918701429344,631.4604280151469,631.4604280151469
5.766526868449769,631.9896543740633,630.4875552880866,630.4875552880866
5.768114170061213,632.4882079000963,629.513179046444,629.513179046444
5.76970394301357,632.9875376464252,628.5288711557422,628.5288711557422
5.771296581269377,632.4188621062472,627.2503779699172,627.2503779699172
5.772892657025292,631.4191316681026,625.8245978792645,625.8245978792645
5.774492377360231,630.4171183830622,624.3955620730637,624.3955620730637
5.776095767355715,629.412806540869,622.9632481463872,622.9632481463872
5.77770286914433,628.4061697510288,621.5146834536573,621.5146834536573
5.779313823380136,627.3971199123703,619.9873917266389,619.9873917266389
5.780928771828629,626.3855682275521,618.4441554280476,618.4441554280476
5.7825477602621245,625.1383756669138,616.8970585409193,616.8970585409193
5.784170819152873,623.6352805397592,615.3460719466594,615.3460719466594
5.785798185977154,622.1281958876789,613.6355225041237,613.6355225041237
5.787430435224211,620.6165896831626,611.670689967778,611.670689967778
5.789067949050244,619.1001080159922,609.696235288945,609.696235288945
5.790710783152976,617.5786993051834,607.7153656137776,607.7153656137776
5.79235900347452,616.0523024825479,605.717931604985,605.717931604985
5.794012896557449,614.5307218358303,603.5539525374064,603.5539525374064
5.795672817486424,613.0198992653022,601.326833279081,601.326833279081
5.797338909205363,611.5034601810039,599.0914346591786,599.0914346591786
5.799011241051353,609.9813414738828,596.8476636484842,596.8476636484842
5.800689680559982,608.4536637100591,594.7390765586929,594.7390765586929
5.802373666238557,606.9209379475087,592.9222590982557,592.9222590982557
5.8040628145432205,605.3835132791955,591.1091750438485,591.1091750438485
5.805757159915013,603.627230875958,589.2905126045875,589.2905126045875
5.807456760664948,601.6059049266996,587.4592878582292,587.4592878582292
5.8091617884288045,599.5781246592342,585.5452622664611,585.5452622664611
5.810872439374998,597.5436567715278,583.6035468110066,583.6035468110066
5.812588800946724,595.5023972678646,581.655349372766,581.655349372766
5.8143109307203,593.4542776730414,579.700604597988,579.700604597988
5.816039254151021,591.3987919953834,577.4944168493229,577.4944168493229
5.817774590225323,589.7051786447491,575.0253794684937,575.0253794684937
5.819517409840785,588.1817621553482,572.5456718812263,572.5456718812263
5.821267810694135,586.6517188282023,570.0551776049795,570.0551776049795
5.823025383007189,585.1154068546239,567.8822363419218,567.8822363419218
5.824788172365112,583.5745346086524,566.6845340975175,566.6845340975175
5.826554592077718,582.0304890324414,565.5503434036677,565.5503434036677
5.828324561421079,580.4203895320843,564.4138735476979,564.4138735476979
5.830097996371214,577.8957147060173,563.3420705391753,563.3420705391753
5.831874024373512,575.3673483921302,562.7665942550378,562.7665942550378
5.833651709803735,572.8366225518585,562.2920476308075,562.2920476308075
5.835430896781204,570.3037590980639,561.8171001748332,561.8171001748332
5.8372115520661705,567.7688053510901,561.3651017818592,561.5035146013386
5.838992704376608,565.2331440350608,561.5035146013386,561.5035146013386
5.840773010298223,563.7887278539154,561.8990555163906,561.8990555163906
5.84255206387923,563.290911579179,562.2943181917578,562.2943181917578
5.844329867678185,562.7934450195114,562.6893542392058,562.6893542392058
5.846106103005388,562.2964173509333,563.2878935444779,563.2878935444779
5.847880152430337,561.8000013433693,564.076965442403,564.076965442403
5.849651723645318,561.3042787906104,564.8649350678803,564.8649350678803
5.851420827007029,560.8092467946362,565.6518070277336,565.6518070277336
5.853187217198252,561.7929404771994,566.6016539821813,566.6016539821813
5.854950093176292,562.7823770164468,567.909612376712,567.909612376712
5.8567088986808375,563.7695289507319,569.2273140306008,569.2273140306008
5.8584636421054395,564.7544009910416,570.5419723634867,570.5419723634867
5.860214275206972,565.7369660603085,571.9034885488098,571.9034885488098
5.861960320456798,566.716956139519,573.5445491537364,573.5445491537364
5.863701316795856,567.8878008076908,575.2254033820234,575.2254033820234
5.865437240563275,569.3705323933664,576.9013602693215,576.9013602693215
5.86716813539981,570.8489685400355,578.5727578226043,578.5727578226043
5.868894029619371,572.323133431898,580.2492390819993,580.2492390819993
5.870614944488279,573.7930452334886,581.9257167826288,581.9257167826288
5.872330915730963,575.2587344586682,583.5973785098904,583.5973785098904
5.87404198570883,576.7202372902457,585.2642655318958,585.2642655318958
5.87574816922805,578.1939622968084,586.9449892722963,586.9449892722963
5.877449430719883,579.6724874832635,588.6557310523159,588.6557310523159
5.879145761146379,581.1467272001828,590.3623181899998,590.3623181899998
5.880837201986985,582.6167174963493,592.063986177054,592.063986177054
5.882523798010477,584.0824972792216,593.7588533208499,593.7588533208499
5.884205618236943,585.5441265324889,595.4312420528646,595.4312420528646
5.885882733892665,587.0016671571893,597.0946786206335,597.0946786206335
5.887555190224803,588.4748339890175,598.7534938669296,598.7534938669296
5.889223025852491,589.949646014682,600.4077260974171,600.4077260974171
5.890886288930853,591.4204146858192,602.0501154640118,602.0501154640118
5.892545040533522,592.8871940078297,603.67812197227,603.67812197227
5.894199330854214,594.3500283653611,605.3016936599295,605.3016936599295
5.895849195773771,595.8089494866563,606.920922121807,606.920922121807
5.897494697515828,597.2640123940255,608.51592189576,608.51592189576
5.899136168152039,598.735081259335,609.9052647921649,609.9052647921649
5.900773978137692,600.2086574152381,611.2390703759188,611.2390703759188
5.902408221958852,601.6790250090908,612.5699717338138,612.5699717338138
5.904038922809558,603.1462049091169,613.8979877547514,613.8979877547514
5.9056664572779685,604.6105359405356,614.9555450587549,614.9555450587549
5.907291943082505,606.0730237408952,615.4460445842045,615.4460445842045
5.9089161584468215,607.5343684963145,615.9179343951465,615.9179343951465
5.91053913035882,608.6861886820066,616.3894629410592,616.3894629410592
5.912160866941854,609.6730733618338,616.8566190086061,616.8566190086061
5.9137816009166055,610.6593479186827,617.1522596553339,617.1522596553339
5.915401677996744,611.645222731679,617.3569371576203,617.3569371576203
5.917021218137123,612.6307707976384,617.5615468240745,617.5615468240745
5.91864022187126,613.6159924412259,617.7660887216732,617.7660887216732
5.920258803282017,614.600957085941,617.8838482372864,617.7660887216732
5.921877653961584,615.348512601915,617.5606323029314,617.5606323029314
5.923497433331844,615.8456467478634,617.1755492110602,617.1755492110602
5.925118223985592,616.343091271609,616.7902256988567,616.7902256988567
5.926740027819331,616.840846755217,616.4046613150123,616.4046613150123
5.928363296775121,617.3390519063612,615.6774835098513,615.6774835098513
5.929989110143797,617.8380379752964,614.4771840775121,614.4771840775121
5.931618109524813,618.3380018783441,613.2715504566972,613.2715504566972
5.933250317690698,618.3332219190665,612.0635419923108,612.0635419923108
5.934885808373288,617.3322016042343,610.8123294842997,610.8123294842997
5.936525454385336,616.3286379736578,608.9659445597889,608.9659445597889
5.9381703517133175,615.3218602165898,606.9188618150102,606.9188618150102
5.939820816004259,614.3116751377479,604.8648509576029,604.8648509576029
5.941476904166555,613.2980479057132,602.8038411645546,602.8038411645546
5.943138976563175,612.2807579563118,600.5175208614006,600.5175208614006
5.944808100251629,610.9647491947626,597.7225470382141,597.7225470382141
5.946485093513573,608.9471370791825,594.8947932892199,594.8947932892199
5.948170096487145,606.9198883767476,592.0535335274363,592.0535335274363
5.949863187321325,604.8829090654172,589.2247703341562,589.2247703341562
5.951563870240607,602.8367956190659,586.7784878557557,586.7784878557557
5.95327147790456,600.7823509235304,584.4553445989993,584.4553445989993
5.9549859003641785,598.7197072598701,582.1229300407281,582.1229300407281
5.956707219868282,596.4423486229844,579.781132282788,579.781132282788
5.958436421667123,593.9085094599686,576.8294075145702,576.8294075145702
5.960175710375476,591.3598897164738,573.0781808560529,573.0781808560529
5.9619264649843675,588.794468725233,569.2988716361876,569.2988716361876
5.963688920490602,586.2119021400249,565.4943039881932,565.4943039881932
5.965463297886785,583.611866135303,561.6745679386032,561.6745679386032
5.967249767524111,580.9941110915443,557.8648401268856,557.8648401268856
5.969048517055543,577.9967954087788,554.031914616718,554.031914616718
5.970859798371038,574.9114079565588,550.1722853357315,550.1722853357315
5.972683755124148,571.8044288079873,546.3582076285296,546.3582076285296
5.974519781204042,568.6768904292749,542.961529162924,542.961529162924
5.976367236938158,565.5298824566253,539.6187094814995,539.6187094814995
5.978226209265651,562.3632567954392,536.2550514688095,536.2550514688095
5.980096637584636,558.7199469083735,533.0284866901904,533.0284866901904
5.981976378737139,554.619629160441,530.9518470596646,530.9518470596646
5.983863078217107,550.5041330707681,529.103610121801,529.103610121801
5.985756391440853,546.37421028678,527.2488942691128,527.2488942691128
5.987656248958345,542.2300123012537,525.4646523837728,525.4646523837728
5.989561674337199,538.0736690260801,524.1713284622451,524.1713284622451
5.991471650222154,534.7213359336747,522.9637038692488,522.9637038692488
5.993386046855573,532.7046369781792,521.753284160247,521.753284160247
5.995304694166537,530.683460195668,520.6489506232599,520.6489506232599
5.997226459298091,528.6589989811755,520.0612823233726,520.0612823233726
5.999150273632047,526.6323790581519,519.5403397757308,519.5403397757308
6.001076018911668,524.6037250027866,519.0188743545173,519.0188743545173
6.003003460826635,523.0841017576893,518.6260326745353,518.6584407858726
6.004931572210854,522.5836065571191,518.6584407858726,518.6584407858726
6.0068595009434995,522.0831587688697,518.7243079627004,518.7243079627004
6.0087871849004495,521.5827745189936,518.7901667768343,518.7901667768343
6.010714340440835,521.0825274344063,519.0088312167514,519.0088312167514
6.012640042677819,520.5826575953365,519.5736417570777,519.5736417570777
6.014563629277102,520.23743,520.1511191215629,520.1511191215629
6.016485082654248,520.23743,520.7279560746133,520.7279560746133
6.018404328508311,520.23743,521.348391116576,521.348391116576
6.020321162732925,520.23743,522.0391125093414,522.0391125093414
6.022235462369508,520.23743,522.7298651507539,522.7298651507539
6.024147235718552,520.23743,523.4197062107456,523.4197062107456
6.026056384430327,520.4854642108103,524.1681577148761,524.1681577148761
6.027962682025273,521.4779966896895,524.986613526229,524.986613526229
6.0298660120635965,522.4689840812016,525.8039323683229,525.8039323683229
6.031766388089995,523.4584334375268,526.6199957119168,526.6199957119168
6.03366369544541,524.4462850603054,527.5062152555952,527.5062152555952
6.035557699493211,525.4324167836803,528.4585960084572,528.4585960084572
6.0374482963170655,526.3501173669879,529.4092634733283,529.4092634733283
6.03933550412923,526.845689035651,530.358288865885,530.358288865885
6.041219286591323,527.3403612239074,531.3363268786776,531.3363268786776
6.043099562724194,527.8341126670227,532.3381724591495,532.3381724591495
6.044976306858265,528.3269366242894,533.3381361252763,533.3381361252763
6.046849539219799,528.8188384070268,534.3360019513583,534.3360019513583
6.048719446505308,529.3098670408378,535.2365020853005,535.2365020853005
6.050586349521218,530.2773590457136,536.0570553748676,536.0570553748676
6.05245039918889,531.2648606307703,536.8763545424694,536.8763545424694
6.054311608740368,532.2508576318596,537.6942961415658,537.6942961415658
6.056170248849414,533.235493441497,538.3616651821127,538.3616651821127
6.058026818366951,534.2190323316522,538.8942468352724,538.8942468352724
6.0598815548716365,535.2016001623292,539.4263026644167,539.4263026644167
6.061734463782045,535.8354259600812,539.9578342239512,539.9578342239512
6.0635858854156846,536.3300967974426,540.2932314745666,540.2932314745666
6.065436515080174,536.8245560330622,540.4200338046777,540.4200338046777
6.0672867107085064,537.3188993010244,540.5467552525407,540.5467552525407
6.069136472693432,537.8131267062665,540.6734469996287,540.6727125812273
6.070986019189048,538.307296536143,540.6727125812273,540.6727125812273
6.07283585264784,538.802805817761,540.5057244316811,540.5057244316811
6.0746862590059125,539.3000694550617,540.3379721171392,540.3379721171392
6.076537240016166,539.7974875198654,540.1701677059806,540.1701677059806
6.078388980630837,540.2951097147802,539.8947799311251,539.8947799311251
6.08024195787511,540.7930642317988,539.4494735465861,539.4494735465861
6.0820964696015,541.2914311134612,539.0016984385919,539.0016984385919
6.083952523244147,541.6168676424402,538.5535510319999,538.5535510319999
6.085810315310182,541.1176192281259,537.9934844905944,537.9934844905944
6.08767039849882,540.6177551155604,537.2277886605563,537.2277886605563
6.089533144320537,540.1171754679428,536.4565587149237,536.4565587149237
6.091398571958889,539.6158751300354,535.6842184207512,535.6842184207512
6.093266791019186,539.1138246473699,534.8546939262045,534.8546939262045
6.095138109154307,538.6109413437339,533.9114982608273,533.9114982608273
6.097012744526795,537.6389879688304,532.9634836897917,532.9634836897917
6.09889072038507,536.6383454937722,532.0137798141867,532.0137798141867
6.100772045618536,535.6359183700633,531.067472261789,531.067472261789
6.102656711051662,534.6317114867056,530.1296647954175,530.1296647954175
6.104544715903868,533.6257252596142,529.1904793007712,529.1904793007712
6.106436077482694,532.6179504668094,528.2496240068574,528.2496240068574
6.10833092406865,531.6173816036658,527.2457516996577,527.2457516996577
6.110229586041401,530.617336227594,526.1288233014963,526.1288233014963
6.112132291490016,529.6151611099472,525.0072201688156,525.0072201688156
6.114039070528353,528.6108403894368,523.883215744016,523.883215744016
6.1159500138646585,527.6043262890685,522.721581892801,522.721581892801
6.117865308591421,526.5955202652467,521.505546352828,521.505546352828
6.119785080690197,525.5923737845874,520.2862064662589,520.2862064662589
6.121709362562608,524.5904776158309,519.0640022048,519.0640022048
6.123638192815411,523.5862132883581,517.8353336930974,517.8353336930974
6.125571617479084,522.5795568359508,516.6000336141266,516.6000336141266
6.127509676492667,521.5704874639569,515.3617722727737,515.3617722727737
6.129452402727665,520.5589880575062,514.1208536678835,514.1208536678835
6.131399778037309,519.5530192441638,512.9039821938538,512.9039821938538
6.133351751604253,518.5483766144603,511.7014677565294,511.7014677565294
6.135308323213791,517.541367462135,510.4961206928123,510.4961206928123
6.1372695071656125,516.5319844274172,509.29743888230513,509.29743888230513
6.139234999937578,515.5203837272179,508.26014609619193,508.26014609619193
6.141204396643592,514.5067737484942,507.28022525545964,507.28022525545964
6.143177605047335,513.1223770553197,506.2984078122668,506.2984078122668
6.145154553771944,511.618004215803,505.3624849841428,505.3624849841428
6.14713456472666,510.11130115105334,504.73332845817833,504.73332845817833
6.149116938283383,508.6028002479261,504.1585841107299,504.1585841107299
6.15110157434365,507.0925776770382,503.58318380203957,503.58318380203957
6.153088252344496,505.58080127730955,503.1226928529814,503.1226928529814
6.155076089079378,504.97944239323647,502.99616818489386,502.99616818489386
6.1570643841709085,504.48090437203064,502.89074995184643,502.89074995184643
6.159053096145264,503.9822618231117,502.78530961553236,502.89074995184643
6.161041694042639,503.4836478774482,502.94845650610245,502.94845650610245
6.163028950611032,502.98537025183055,503.4643828864764,503.4643828864764
6.165014169675354,502.54485649728144,503.98137593948724,503.98137593948724
6.16699734415757,503.0421105951673,504.50302775645787,504.50302775645787
6.168977907967736,503.53871010245257,505.311081932059,505.311081932059
6.17095498824305,504.03443616063123,506.28256426988105,506.28256426988105
6.172928282034753,504.5292128094111,507.2521860344089,507.2521860344089
6.174897787945239,505.02303969836225,508.2318756495388,508.2318756495388
6.176863234319806,505.6059593668101,509.349901296384,509.349901296384
6.178824298321773,506.5979401979448,510.50593602833686,510.50593602833686
6.180780931516709,507.5876797581991,511.65935882785817,511.65935882785817
6.182733078194456,508.5751498672553,512.8552166984559,512.8552166984559
6.184680215894911,509.56008624490187,514.295524655934,514.295524655934
6.186621845037649,510.5422361843416,515.7694093415072,515.7694093415072
6.188557941441061,511.5241615383443,517.2390941419116,517.2390941419116
6.190488420557131,512.5120181307775,518.7754275921267,518.7754275921267
6.192412757455208,513.4967316534489,520.5466425847363,520.5466425847363
6.19433053276825,514.4780875096321,522.3314486893274,522.3314486893274
6.196241777246585,515.456101434755,524.1101767757943,524.1101767757943
6.198146660395484,516.4308601673365,525.8257950051849,525.8257950051849
6.200045607676713,517.5697344250648,527.3916589974926,527.3916589974926
6.2019389460010235,519.5413405181407,528.9458713340795,528.9458713340795
6.203826737318353,521.5071702992809,530.4955302176987,530.4955302176987
6.205708940903544,523.4671813598097,532.0911770480232,532.0911770480232
6.207585318846217,525.4211259544909,533.7948922299338,533.7948922299338
6.209455719610963,527.3688462836662,535.4973726324383,535.4973726324383
6.211320192658859,529.3103938530621,537.1944574947279,537.1944574947279
6.213178629687652,530.7963080904547,538.9816435824139,538.9816435824139
6.215030544143173,532.2721834200229,540.9855655486658,540.9855655486658
6.216875608418695,533.7425995278472,542.9912224712134,542.9912224712134
6.218713882488151,535.2076042098979,544.989498174703,544.989498174703
6.2205456057725375,536.6673882717159,546.8817598665687,546.8817598665687
6.222371496659267,538.1225242290893,548.4762665283831,548.4762665283831
6.224192126193605,539.9304045998961,550.0471023467616,550.0471023467616
6.226007571079883,541.8989019668152,551.613464860501,551.613464860501
6.227817947244164,543.8619032892211,553.1314027043743,553.1314027043743
6.229623695534821,545.8198865815502,554.4442324549011,554.4442324549011
6.2314252183573995,547.7732881744569,555.7291464694797,555.7291464694797
6.2332225854134276,549.7221836457111,557.0110964352893,557.0110964352893
6.2350158833399485,551.4238248313263,558.2539435692333,558.2539435692333
6.236805724640924,552.4111389089026,559.1643026066822,559.1643026066822
6.23859278318493,553.3969179592514,559.9938276494506,559.9938276494506
6.240377198446213,554.3812389192981,560.8221257205902,560.8221257205902
6.242158997151314,555.3641165319641,561.6397188107045,561.6397188107045
6.2439386923124065,556.3458337855463,562.1484745984551,562.1484745984551
6.245717012491637,557.3267925702362,562.5085069278853,562.5085069278853
6.247494195188304,558.3156108348253,562.8683089667055,562.8683089667055
6.249270242582353,559.3066988221849,563.2278811559386,563.2278811559386
6.251045422390278,560.2973026703326,563.418584951024,563.418584951024
6.252820286703479,561.2877304629133,563.4281183535342,563.4281183535342
6.254595121075003,562.2781415471359,563.4375949944459,563.4375949944459
6.256369925595509,563.2685359735906,563.4470714762068,563.4375949944459
6.258144912955491,564.0554,563.3215297644564,563.3215297644564
6.259920805753344,564.0554,562.8727540375845,562.8727540375845
6.261698137776817,564.0554,562.4095862440306,562.4095862440306
6.263476934715385,564.0554,561.9460366975043,561.9460366975043
6.265257271867991,564.0554,561.4369179611894,561.4369179611894
6.2670395970088695,564.0554,560.6932885070988,560.6932885070988
6.268824342439231,564.0554,559.9152476391512,559.9152476391512
6.270611571354683,563.373726358077,559.1361241224869,559.1361241224869
6.272401325079077,562.3749898251876,558.3366300752202,558.3366300752202
6.274194037039179,561.374602507593,557.2925374915538,557.2925374915538
6.275990232866453,560.3722710870907,556.1729275585295,556.1729275585295
6.277790051860908,559.3679178300758,555.0510592221173,555.0510592221173
6.279593533678511,558.3615206073227,553.9160927377756,553.9160927377756
6.281401509724232,557.3551887978383,552.2956275326463,552.2956275326463
6.2832152354937705,556.354699545438,550.4101293184042,550.4101293184042
6.285035195873604,555.3507711509696,548.5181497787393,548.5181497787393
6.286861455394991,554.3433680176358,546.6197463017588,546.6197463017588
6.2886939764001735,553.3325109182465,544.7760422789349,544.7760422789349
6.2905326337825755,552.3182688642182,542.9771677272277,542.9771677272277
6.292377402956294,551.3006554176527,541.172313624004,541.172313624004
6.294228345277983,549.417568875795,539.3614199405773,539.3614199405773
6.296085574930828,547.4037640453516,537.5144957146172,537.5144957146172
6.297949264361202,545.3829548408557,535.6289913194931,535.6289913194931
6.299819537610488,543.3550067635188,533.7368153087474,533.7368153087474
6.30169646497097,541.3198435950126,531.8379072607644,531.8379072607644
6.303580019639096,539.2774943985823,529.9874318614549,529.9874318614549
6.305470063372794,537.5873273247798,528.1921863468231,528.1921863468231
6.307366553016362,536.0759279891472,526.3908649946478,526.3908649946478
6.309269555000794,534.559338671228,524.5832971305173,524.5832971305173
6.311179529204608,533.0371928727991,522.5551922143936,522.5551922143936
6.313097315144475,531.5088215446294,520.3188612980763,520.3188612980763
6.315023379541168,529.9738527355867,518.072876870328,518.072876870328
6.316957824845932,528.1565725652172,515.8201415630543,515.8201415630543
6.31890028870703,526.1338101592873,513.8039913352203,513.8039913352203
6.320850106602441,524.1033897142888,511.93622576329034,511.93622576329034
6.32280706447272,522.0655341385609,510.06162068161075,510.06162068161075
6.324771162134496,520.0202436230556,508.2210103275391,508.2210103275391
6.326741035832411,517.9689382987344,507.0738055641793,507.0738055641793
6.328714883585693,515.9438173208728,506.17636311133197,506.17636311133197
6.330692237171258,513.9317536008784,505.27732667445395,505.27732667445395
6.3326729508266935,511.9162708289068,504.4604027658131,504.4604027658131
6.334655853412551,509.8985607023951,504.1621030494705,504.1621030494705
6.3366397534218954,507.879835643791,503.9532638584454,503.9532638584454
6.338624475904224,505.86027367464976,503.7443380881247,503.7443380881247
6.340609671052404,505.42728,503.71329333587033,503.7443380881247
6.342594012669068,505.42728,504.1778924235002,504.1778924235002
6.344576470012278,505.42728,504.67129428738986,504.67129428738986
6.346556991057177,505.42728,505.16421423746493,505.16421423746493
6.348535277066814,505.42728,505.81236463438245,505.81236463438245
6.350510631551733,505.42728,506.664855605933,506.664855605933
6.3524826661270755,505.88693567442965,507.51686134580365,507.51686134580365
6.35445139086696,506.3834256703947,508.3699051925151,508.3699051925151
6.35641644505024,506.87898999371646,509.41480782751233,509.41480782751233
6.358377243629713,507.3734811021425,510.57910018946967,510.57910018946967
6.360333581066026,507.86684716098466,511.7407435922835,511.7407435922835
6.362285449818076,508.36305037772763,512.9196724625318,512.9196724625318
6.364232221618044,509.3535061630896,514.4243080069284,514.4243080069284
6.366173097848947,510.3409624697815,516.0406380990534,516.0406380990534
6.368107913806873,511.32533550167454,517.6519212947319,517.6519212947319
6.370036696799321,512.3066391519583,519.2739026149229,519.2739026149229
6.371959230918733,513.2847635737103,521.0226682073253,521.0226682073253
6.373875279323148,514.2595882692485,522.7953080811837,522.7953080811837
6.375784852833329,515.7368383030307,524.5619576803848,524.5619576803848
6.377688026098032,517.2103861859487,526.317443684615,526.317443684615
6.379584928932918,518.6790791359217,528.0356177513083,528.0356177513083
6.381475688730393,520.1430157875902,529.742960582751,529.742960582751
6.383360374159027,521.6022493081718,531.4448183013934,531.4448183013934
6.385239019119361,523.0568059454445,533.1550414835277,533.1550414835277
6.38711152674431,524.9593085636643,534.9343610620999,534.9343610620999
6.388977807153093,526.9253200397361,536.7189321522538,536.7189321522538
6.39083790270902,528.8848161542155,538.4975891739655,538.4975891739655
6.392691868804709,530.8378552598178,540.2737142230834,540.2737142230834
6.394539726208059,532.7844592342435,542.0638446600972,542.0638446600972
6.39638149561782,534.7246498823515,543.8513674677232,543.8513674677232
6.39821723126077,536.3822683860781,545.6330342240828,545.6330342240828
6.4000470562123875,537.8574839793928,547.3704532347193,547.3704532347193
6.401871624127883,539.3284613193955,548.7812965628505,548.7812965628505
6.403691632393754,540.7957626431653,550.1164336587725,550.1164336587725
6.4055072341404555,542.2595114053711,551.4483381826752,551.4483381826752
6.407318504628573,543.7197682815386,552.7505070848359,552.7505070848359
6.409126222279567,545.1830263113707,553.6176403290182,553.6176403290182
6.4109313598103554,546.6637770518073,554.3316413628112,554.3316413628112
6.412734175237945,548.1426229755907,555.0447239155695,555.0447239155695
6.414534684870246,549.6195774600656,555.7523391747842,555.7523391747842
6.416333396670023,551.0950571860831,556.1546723347662,556.1546723347662
6.418131105498398,552.5697141766468,556.3725874549453,556.3725874549453
6.419928110491506,554.0437938125351,556.5904172577231,556.5904172577231
6.421724412475392,554.7537306518172,556.8081618431519,556.7431161246374
6.423520468073724,555.2505326250332,556.7431161246374,556.7431161246374
6.425317262240389,555.7475388915941,556.3505736483568,556.3505736483568
6.427115325759997,556.2448962703629,555.957322140127,555.957322140127
6.428914662025198,556.7426056997708,555.5637922719931,555.5637922719931
6.430715534835788,557.240740148751,555.0090850549363,555.0090850549363
6.432518765266806,557.4138132674011,554.112230403069,554.112230403069
6.434324937276623,556.9142130215746,553.2027641173756,553.2027641173756
6.436134083538049,556.4137900762337,552.2918001995163,552.2918001995163
6.437946379409389,555.9124959260027,551.2816875610694,551.2816875610694
6.439762575339773,555.410122991223,549.9227652292202,549.9227652292202
6.441583321328909,554.9064914772721,548.5298623678581,548.5298623678581
6.443408702623538,554.4015778042844,547.133413416003,547.133413416003
6.44523875133193,552.97177764773,545.7354612344049,545.7354612344049
6.447073481069585,551.4667524786246,544.3451171245016,544.3451171245016
6.448912906201818,549.9578756866485,542.9528892195543,542.9528892195543
6.450757060119888,548.4451198810184,541.5570821820086,541.5570821820086
6.452606055479952,546.9283926501121,540.1133245210557,540.1133245210557
6.454460560806267,545.4071456048041,538.3442852133758,538.3442852133758
6.456321291539768,543.8972979003611,536.505405744764,536.505405744764
6.458188422001113,542.3920063866044,534.6602017026186,534.6602017026186
6.460062025224192,540.8814964944268,532.804892841157,532.804892841157
6.461942228306848,539.3656657568035,530.9133526526833,530.9133526526833
6.463829165792749,537.8444057038396,529.0085970124613,529.0085970124613
6.4657229220967665,536.3176482797726,527.0969581642232,527.0969581642232
6.467623644512621,534.7972355797438,525.1381888222348,525.1381888222348
6.46953199261323,533.2851433878395,522.8934436657173,522.8934436657173
6.471448667071327,531.7664537517167,520.5856792488358,520.5856792488358
6.473373876264441,530.2410015620653,518.2676386178157,518.2676386178157
6.475307896623593,528.7085677869463,515.8532754940893,515.8532754940893
6.477251787593213,527.1683129685844,513.0188219992696,513.0188219992696
6.479206580626862,525.2027169280627,510.1156321464055,510.1156321464055
6.4811725630828185,522.6656970029035,507.19582415718764,507.19582415718764
6.483149785933581,520.1141718081235,504.33205192922554,504.33205192922554
6.485137923334462,517.548561832964,501.64183215934554,501.64183215934554
6.487136760978615,514.9691436316425,498.94694188867976,498.94694188867976
6.489146453764624,512.3757173138711,496.2374164045001,496.2374164045001
6.491166369075277,509.52032654130016,493.9085829933211,493.9085829933211
6.493194977431962,506.4771064825236,491.9926858389857,491.9926858389857
6.495231516305765,503.42198944585834,490.069427641928,490.069427641928
6.49727603906247,500.35489537453395,488.15770718284404,488.15770718284404
6.499327953463808,497.2767127157349,486.54449156786967,486.54449156786967
6.501386467830098,494.1886291089977,485.03232981505056,485.03232981505056
6.503451420091986,492.52296906624815,483.5154388555776,483.5154388555776
6.505522696554026,491.0092745188449,482.0748569377674,482.0748569377674
6.507599598257309,489.4914690296364,480.89945069074554,480.89945069074554
6.509681542104646,487.96997872765587,479.74264480136225,479.74264480136225
6.511768514950278,486.4448132198604,478.58459203999223,478.58459203999223
6.5138594662828595,485.0819953163227,477.9182874641226,477.9182874641226
6.5159524731073475,484.076904955562,477.64484800677496,477.64484800677496
6.51804667881162,483.0712388764132,477.3712519228044,477.3712519228044
6.520141901775239,482.0650842954824,477.18113417867806,477.3712519228044
6.52223675154196,481.05910892878137,477.5414032394341,477.5414032394341
6.524329802519832,480.05399736496474,478.0017179143844,478.0017179143844
6.526420839830259,479.8234,478.46158973308786,478.46158973308786
6.528509365727191,479.8234,479.1521237980938,479.1521237980938
6.530594136677259,479.8234,480.1869955775302,480.1869955775302
6.532674417080709,479.8234,481.22297539049515,481.22297539049515
6.534750220192949,479.8234,482.26065564621905,482.26065564621905
6.536821423675757,480.020971248146,483.3627714919734,483.3627714919734
6.538887864296408,481.0133041562858,484.4863286975149,484.4863286975149
6.540949523748139,482.0033410820438,485.6072863037451,485.6072863037451
6.543006387573163,482.99107508259294,486.74816523736615,486.74816523736615
6.545058281276793,483.976422363211,487.96270880733516,487.96270880733516
6.547105067310332,484.9593168711408,489.18051658601553,489.18051658601553
6.5491467705063355,485.9455864769334,490.39530015072353,490.39530015072353
6.551182975855767,486.9339100864954,491.82598899761774,491.82598899761774
6.553212804554773,487.91913862798583,493.48161251923,493.48161251923
6.555235845804752,488.9010727099444,495.1317298832916,495.1317298832916
6.557252156611217,489.87974000143413,496.78158366189865,496.78158366189865
6.559261608703552,490.85507824307706,498.51762870794397,498.51762870794397
6.561264020228522,492.23936934243375,500.28117475400677,500.28117475400677
6.563259397698269,493.7145410781877,502.03852582973497,502.03852582973497
6.565247897581185,495.1846282513179,503.7476915421918,503.7476915421918
6.567230113320759,496.65006959137554,505.226385146344,505.226385146344
6.569206609030556,498.1112821444576,506.66756788881287,506.66756788881287
6.571177498606078,499.5683501128915,508.1046628592795,508.1046628592795
6.573143061167105,501.0459428946606,509.4174291293453,509.4174291293453
6.575104173032138,502.52112468485666,510.4131793791754,510.4131793791754
6.577061497589883,503.9934575979214,511.39070209704465,511.39070209704465
6.57901508784176,505.46298150242546,512.3663598364108,512.3663598364108
6.580965100857091,506.92981454859364,513.2686138953729,513.2686138953729
6.582911890674081,508.3816130891091,514.0642713551812,514.0642713551812
6.584855673681377,509.3714008018237,514.8577749790609,514.8577749790609
6.5867964659030065,510.3596655858519,515.6498493206473,515.6498493206473
6.588734553107008,511.3465529562477,516.2958648172652,516.2958648172652
6.590670450970476,512.3323254993456,516.8167524139343,516.8167524139343
6.592604399649039,513.317105504047,517.3371155479294,517.3371155479294
6.594536413633911,514.2815975015201,517.852334985006,517.852334985006
6.596466925881307,514.7769609581176,518.142209611968,518.142209611968
6.598396590140629,515.2721068236044,518.3075464705098,518.3075464705098
6.600325639045346,515.7670947910078,518.4728306045297,518.4728306045297
6.60225409555936,516.2619307527937,518.6260249343056,518.5549916058361
6.604182399276345,516.7567275073357,518.5549916058361,518.5549916058361
6.606111124488054,517.24108,518.3993826594173,518.3993826594173
6.608040428822861,517.24108,518.24372698921,518.24372698921
6.609970368637033,517.24108,518.0580527439845,518.0580527439845
6.611901553123031,517.24108,517.5760090459358,517.5760090459358
6.613834679595023,517.24108,517.0177494585172,517.0177494585172
6.615769895656418,517.24108,516.4588864276266,516.4588864276266
6.617707292553106,517.2340768155007,515.8544661133058,515.8544661133058
6.619647453011845,516.7362376577896,514.9888341357886,514.9888341357886
6.621590959455553,516.2375399307109,514.0798201226219,514.0798201226219
6.62353790857933,515.7379588226013,513.1691959046184,513.1691959046184
6.625488435840154,515.2374595756203,512.1955060738209,512.1955060738209
6.627443079509039,514.7359040710951,511.01026561528505,511.01026561528505
6.629402300862678,514.204904050287,509.80485820902396,509.80485820902396
6.631366165712934,513.2066117183167,508.5965939002442,508.5965939002442
6.633334777198675,512.205906526925,507.34943122141675,507.34943122141675
6.635308372145203,511.2026680905951,506.0314484467699,506.0314484467699
6.6372871239837075,510.1968082489702,504.7084471544953,504.7084471544953
6.6392710768764225,509.1883045530417,503.3817506128895,503.3817506128895
6.64126060376628,508.1788625781951,501.88460003532106,501.88460003532106
6.643256371684996,507.17514086874917,500.2386312028401,500.2386312028401
6.645258728199453,506.1681055893646,498.58722856111706,498.58722856111706
6.647267733834182,505.157726300738,496.93288771123196,496.93288771123196
6.649283362795646,504.1440159750855,495.315859373169,495.315859373169
6.651305562330311,503.1270011434808,493.70883677708724,493.70883677708724
6.653334365726693,501.71115898497374,492.09656615560465,492.09656615560465
6.655369765762114,499.6989898590009,490.5138074143143,490.5138074143143
6.657411442187987,497.6806159777607,489.0754588277892,489.0754588277892
6.659459104911045,495.6563241235599,487.64997426784515,487.64997426784515
6.661512770929476,493.6260974922179,486.22031050211376,486.22031050211376
6.66357227364567,491.5901007798939,484.8897244660703,484.8897244660703
6.66563715259481,489.94365279055455,483.69153858330975,483.69153858330975
6.667707158004156,488.4396004105465,482.4910031930838,482.4910031930838
6.669782291056043,486.9318223190339,481.30408041217623,481.30408041217623
6.6718619984560625,485.42072053611264,480.3705688948164,480.3705688948164
6.673945565317141,483.9068144940502,479.5225827068839,479.5225827068839
6.676032823295838,482.53282373233833,478.6730942796921,478.6730942796921
6.6781234729129935,482.03186263153225,477.9678801093807,477.9678801093807
6.680216307833828,481.5303778886355,477.6737567639357,477.6737567639357
6.682310377382702,481.0285973043808,477.40443541480465,477.40443541480465
6.684405618976973,480.5265358748102,477.1394985838125,477.22415020046253
6.686501256230427,480.02437963745433,477.22415020046253,477.22415020046253
6.68859604148324,479.5244188525189,477.5277507630373,477.5277507630373
6.690689495767785,479.02610460689607,477.8311584264267,477.8311584264267
6.692781477972426,478.5281407670079,478.2000608409168,478.2000608409168
6.694871123107258,478.0307332302534,478.9007591112682,478.9007591112682
6.696957614961075,477.5340762830208,479.64657819769616,479.64657819769616
6.699040867481624,477.08144959128913,480.3912393801084,480.3912393801084
6.701120692665511,477.5765196413913,481.22877207062743,481.22877207062743
6.703196657165071,478.0706707156112,482.179778154457,482.179778154457
6.705268534656517,478.5638489410901,483.129195445524,483.129195445524
6.7073363162141515,479.05605219320455,484.0919184379956,484.0919184379956
6.709399564803954,479.54717644280026,485.25461951211474,485.25461951211474
6.711457748327662,480.25413995664803,486.4775631177502,486.4775631177502
6.713510770761552,481.23918082714863,487.6974400763324,487.6974400763324
6.71555852999051,482.22169641011124,488.98157036697097,488.98157036697097
6.717600492154495,483.2014305593043,490.4707714919164,490.4707714919164
6.719636242438833,484.1781842465043,491.97028459613455,491.97028459613455
6.721665806576574,485.1519698184379,493.465241047261,493.465241047261
6.723688941533318,486.50141863156114,495.1022678802999,495.1022678802999
6.725705105763024,487.97483700767225,496.88361297742557,496.88361297742557
6.72771406764728,489.4429918898768,498.6585988483588,498.6585988483588
6.729715904019834,490.90593942848955,500.42718793717626,500.42718793717626
6.731710694381764,492.3637377231189,502.18752460332695,502.18752460332695
6.733698518187245,493.8164448390926,503.940920291735,503.940920291735
6.735679449479925,495.76200516858444,505.68823631599133,505.68823631599133
6.737653586139673,497.72491594527673,507.4157986411566,507.4157986411566
6.739621195344945,499.68133638571453,509.04883105073367,509.04883105073367
6.741582542964045,501.6315308463463,510.6607697777626,510.6607697777626
6.743537718833039,503.57558865238843,512.2676362360304,512.2676362360304
6.745486883526041,505.4933946215633,513.8152581529837,513.8152581529837
6.747430543005999,506.9724357795458,515.1733607880108,515.1733607880108
6.749369120749545,508.4476099549711,516.5125628970538,516.5125628970538
6.751302685140578,509.9189691850397,517.8483016981457,517.8483016981457
6.753231308098009,511.38656819694734,519.1626937987496,519.1626937987496
6.755155133215506,512.850516259291,520.4343956479086,520.4343956479086
6.757074271386758,514.3117955597891,521.7015938776416,521.7015938776416
6.758988759280692,515.7953817414173,522.96572155021,522.96572155021
6.760898929207354,517.2756218185341,524.0626958953001,524.0626958953001
6.762805588653503,518.7531415335134,524.892982634388,524.892982634388
6.764709243296382,520.2283327487276,525.7183989965004,525.7183989965004
6.7666099137365485,521.7012114280824,526.5425214210134,526.5425214210134
6.76850793325817,523.1720358420989,527.187815522882,527.187815522882
6.770404047108597,523.719523095064,527.6013296184129,527.6013296184129
6.772298677753268,524.2141767233932,528.0135526879453,528.0135526879453
6.774191830401957,524.7084444738325,528.4254541841832,528.4254541841832
6.776083731878666,525.2023855660066,528.7121249633827,528.7121249633827
6.777974856763755,525.6961239042225,528.8595111628331,528.8595111628331
6.779865454941407,526.1897247286988,529.00675697935,529.00675697935
6.781755527039613,526.6855119940983,529.1539558318248,529.1057319769892
6.783645422333928,527.1817893826112,529.1057319769892,529.1057319769892
6.785535831504034,527.6782017124283,528.8663377893747,528.8663377893747
6.787427096765779,528.1748388477806,528.6268351900819,528.6268351900819
6.789319219826019,528.6717012368802,528.386920976431,528.386920976431
6.791212569494519,529.1688857273923,527.9421807196595,527.9421807196595
6.793107830625292,528.9954678413221,527.3217398519473,527.3217398519473
6.795005324330601,528.4971951467323,526.7005681194248,526.7005681194248
6.796905061048655,527.998333447815,526.0772626495115,526.0772626495115
6.798807439308824,527.4987780926792,525.239036157857,525.239036157857
6.800713138681264,526.9983506294805,524.2453798006384,524.2453798006384
6.802622457001249,526.4969728481119,523.2498364772497,523.2498364772497
6.804535426435048,525.9965401899435,522.2461384953551,522.2461384953551
6.806452663620684,525.4964151755189,520.9232884164379,520.9232884164379
6.808375111157426,524.9949310037916,519.419369212721,519.419369212721
6.8103031411542725,524.4919906074715,517.9110828839576,517.9110828839576
6.81223681042561,523.9875791661198,516.3941788483739,516.3941788483739
6.8141763331068645,523.481640820981,514.7898647088915,514.7898647088915
6.816121980271271,522.4288828565286,513.1483641194355,513.1483641194355
6.818073871399411,520.9176147587159,511.5015956330229,511.5015956330229
6.820032104467346,519.4014363607575,509.8300272713955,509.8300272713955
6.821997098617166,517.8800231383711,507.988041307922,507.988041307922
6.823969317059015,516.3530164472104,506.10191757879653,506.10191757879653
6.8259489131477515,514.8202975509921,504.2087382649995,504.2087382649995
6.827936077114192,512.9811081804664,502.2545299318204,502.2545299318204
6.829931410974434,510.96244214753915,500.0886758488761,500.0886758488761
6.831935464114135,508.93495487741257,497.8936807242189,497.8936807242189
6.833948391629307,506.89848946047823,495.688965692384,495.688965692384
6.835970072111986,504.8531687243685,493.5914906872513,493.5914906872513
6.838000008078705,502.79949596980896,491.66502928766585,491.66502928766585
6.8400379251634895,500.77687064787096,489.7329708385105,489.7329708385105
6.842083897983519,498.75250577009774,487.8009401832756,487.8009401832756
6.844137489579259,496.7206025800824,486.10549060906015,486.10549060906015
6.846198020229325,494.68183362052787,484.5208529829089,484.5208529829089
6.848265312118305,492.6363748289032,482.9310156700241,482.9310156700241
6.850339234406153,490.7050632866749,481.4276165023519,481.4276165023519
6.852418746931385,489.194103098499,480.3374824115304,480.3374824115304
6.854502877682688,487.6797873374908,479.29633755906974,479.29633755906974
6.856591545546107,486.16217494051944,478.2529261544016,478.2529261544016
6.858683966900605,484.6418352815008,477.5779790111661,477.5779790111661
6.860778450960375,483.119996874334,477.31119609871206,477.31119609871206
6.862874105795674,481.94215160866406,477.04451290566914,477.04451290566914
6.8649707988802255,480.9410899199911,476.8385842194739,477.04451290566914
6.867067133503143,479.9401993780689,477.20772000269875,477.20772000269875
6.86916153652482,478.94023107508247,477.71860112091537,477.71860112091537
6.87125370214201,477.9413310161476,478.2289364761526,478.2289364761526
6.8733433039580385,477.1177347245782,478.89167069604,478.89167069604
6.8754293626703795,477.61428856921657,479.8550834989432,479.8550834989432
6.87751122405737,478.10984330581095,480.82464746757375,480.82464746757375
6.879588888406195,478.60439900272104,481.79572787984205,481.79572787984205
6.8816621501081805,479.0979067179985,482.86901939722657,482.86901939722657
6.8837307097088,479.59029517114936,483.98863425838493,483.98863425838493
6.8857944950995815,480.34374112209935,485.1056650622024,485.1056650622024
6.887853448775775,481.3316278046991,486.262880835931,486.262880835931
6.889907116327576,482.3169782029954,487.60643158012203,487.60643158012203
6.8919550937626815,483.29959848134285,488.9687286876752,488.9687286876752
6.89399738119268,484.27948869328065,490.3272408529768,490.3272408529768
6.896033657301799,485.2564946713919,491.8602253562899,491.8602253562899
6.898063101998607,486.6652357174353,493.634222434719,493.634222434719
6.900085276238512,488.14304622556483,495.4033985873088,495.4033985873088
6.9021002530271005,489.61559681643394,497.1669999401966,497.1669999401966
6.904108062384481,491.08290942882104,498.9466882315304,498.9466882315304
6.906108714360691,492.5449914073215,500.7306133129967,500.7306133129967
6.908102263894212,494.0039557140617,502.5082053461266,502.5082053461266
6.91008878421568,495.4810867113756,504.28048739497433,504.28048739497433
6.912068333465215,496.9530341793161,506.05363823439944,506.05363823439944
6.914040967923403,498.41983996683757,507.822032512299,507.822032512299
6.9160067567692725,499.8815555138808,509.5842899498258,509.5842899498258
6.917965967183859,501.33837949014196,511.2377883946669,511.2377883946669
6.919919554524789,502.8901058617648,512.5214787884746,512.5214787884746
6.921868321795895,504.86166078530186,513.7698536284543,513.7698536284543
6.923812365324546,506.82843672992567,515.0152024523,515.0152024523
6.925751898646797,508.7906497286476,516.1619629723375,516.1619629723375
6.927687513448141,510.74889838575655,517.1023286358306,517.1023286358306
6.929619627202911,512.703605057266,518.0342496842359,518.0342496842359
6.931548271393986,514.4619979671102,518.9644972497078,518.9644972497078
6.933473922797097,515.453947486093,519.645531907119,519.645531907119
6.935397703001003,516.4449331051992,519.9743768775389,519.9743768775389
6.9373202720860085,517.4352948477258,520.3004366956499,520.3004366956499
6.939241637119845,518.4250363544315,520.6262798606699,520.6262798606699
6.941162384892365,519.4144598949342,520.6348522616007,520.6262798606699
6.943083672069009,520.23743,520.3340311691501,520.3340311691501
6.945006070643899,520.23743,520.0330360621028,520.0330360621028
6.94692958830071,520.23743,519.7287587908335,519.7287587908335
6.9488548561566175,520.23743,519.0881281600693,519.0881281600693
6.950782925431508,520.23743,518.2197257393792,518.2197257393792
6.9527142310895425,520.23743,517.349865651675,517.349865651675
6.954648806605703,520.1654746018089,516.4694057773622,516.4694057773622
6.956587161467942,519.6652171003905,515.3346554736569,515.3346554736569
6.958530010372865,519.163799760488,514.082995954763,514.082995954763
6.960477601201462,518.6611586080965,512.8282815021315,512.8282815021315
6.962430025182488,518.1572700985746,511.54100395985506,511.54100395985506
6.964387991971299,517.6519510815501,509.92932453038776,509.92932453038776
6.966352337114546,516.9561061289596,508.2245442099829,508.2245442099829
6.9683232937152,515.447604531355,506.51402605769357,506.51402605769357
6.970301114225035,513.9338495365118,504.7033228856009,504.7033228856009
6.972286960359979,512.4139520074814,502.4291846552236,502.4291846552236
6.974281956983205,510.88705101313553,500.08426274533247,500.08426274533247
6.97628635263653,509.35295632821544,497.7282932016781,497.7282932016781
6.978300464793312,507.64528465185685,495.2711479282841,495.2711479282841
6.980324999309892,505.6223443255376,492.6173845335463,492.6173845335463
6.982360511117253,503.5884353523443,489.9437587676506,489.9437587676506
6.984407194403556,501.5433636970283,487.25440456719434,487.25440456719434
6.986465431900193,499.4867469295741,484.45880029411217,484.45880029411217
6.988535742783732,497.4180662822291,481.5882196659778,481.5882196659778
6.990618468741206,494.35630975834283,478.7004249702223,478.7004249702223
6.992713794181826,490.8037278856118,475.81396722214583,475.81396722214583
6.9948216663746265,487.22987324852147,473.01839966952195,473.01839966952195
6.996942031767742,483.6348366431739,470.223536768343,470.223536768343
6.999075075990233,480.0183033392532,467.4119618469803,467.4119618469803
7.001220197953769,476.59168284218686,464.94249845580686,464.94249845580686
7.003375864029987,474.07006227763304,462.8497037901575,462.8497037901575
7.0055413212269215,471.5369884125794,460.74756865257245,460.74756865257245
7.007716720274977,468.9922849280247,458.62886634107133,458.62886634107133
7.009902311135352,466.4356594283581,456.4606248947439,456.4606248947439
7.0120983490106825,463.8668133867268,454.2757214270477,454.2757214270477
7.0143050013792205,462.1918509714005,452.07988204701866,452.07988204701866
7.016522534815682,460.66972646227987,449.82871031614127,449.82871031614127
7.018751298691027,459.1398933315013,447.5355563440786,447.5355563440786
7.020991541935988,457.6021807119396,445.2305913574497,445.2305913574497
7.023242339084484,456.0572238475006,443.347476983053,443.347476983053
7.025499977062923,453.8746929836934,442.5348929237041,442.5348929237041
7.027761637813489,451.34855233925737,441.7716898473869,441.7716898473869
7.030027085202928,448.8181822442466,441.05671794857017,441.05671794857017
7.032295173407874,446.284862515261,440.7433144647861,440.7433144647861
7.034564647790711,443.7499945079544,440.5180673701934,440.5180673701934
7.036835271864379,442.28647686456543,440.29710105048827,440.4254809105506
7.039106134544024,441.78792568665654,440.4254809105506,440.4254809105506
7.041375768034841,441.2896443681029,440.77420234372534,440.77420234372534
7.043643607307896,440.7917569568458,441.12264810163,441.12264810163
7.0459093138437945,440.294337772325,441.6044677778821,441.6044677778821
7.0481718880625195,440.2023937350282,442.345056320096,442.345056320096
7.050430663637616,440.6982912781468,443.0910364303227,443.0910364303227
7.052685536843077,441.1933320847502,443.877493578497,443.877493578497
7.0549357849939245,441.68735749467396,444.91458134521815,444.91458134521815
7.057180693748837,442.18021067954123,445.99152703146814,445.99152703146814
7.059420189310803,442.7967891969306,447.0680261894868,447.0680261894868
7.061654027950759,443.7853243121822,448.2533590508214,448.2533590508214
7.063881819653892,444.77118349136435,449.49836686643954,449.49836686643954
7.066103457855986,445.7543195768776,450.73993578046657,450.73993578046657
7.068319163493392,446.7348303391409,451.9085562015241,451.9085562015241
7.070529522492377,447.7132488065072,452.92297329346525,452.92297329346525
7.0727349546772205,448.7014039995288,453.92987822867053,453.92987822867053
7.074935558608381,449.68739586874335,454.91260363470263,454.91260363470263
7.077131945462682,450.6714982550593,455.67443434862287,455.67443434862287
7.079324801417278,451.6540186036664,456.378720985813,456.378720985813
7.081514278544352,452.6350250512869,457.0819224342245,457.0819224342245
7.0837006884175135,453.62304360100507,457.66001288420523,457.66001288420523
7.085884681887498,454.6129645068313,458.0938464360658,458.0938464360658
7.088066609425923,455.6019490047106,458.5270823366651,458.5270823366651
7.090246549361367,456.59003259799965,458.92956515471667,458.92956515471667
7.0924249687435665,457.57742698252196,459.1673589326254,459.1673589326254
7.094602318914883,458.15535,459.3803941694013,459.3803941694013
7.096778661562611,458.15535,459.5925941726633,459.5925941726633
7.09895430346597,458.15535,459.6763413592157,459.6657645006514
7.101129772192483,458.15535,459.6657645006514,459.6657645006514
7.103305290977443,458.15535,459.65518739882395,459.65518739882395
7.105480989500254,458.15535,459.5898224877836,459.5898224877836
7.107657470772224,458.15535,459.32466223091956,459.32466223091956
7.109835252659737,458.15535,459.04103923123427,459.04103923123427
7.112014393581374,458.15535,458.7519215676976,458.7519215676976
7.11419536721904,458.15535,458.2699616452124,458.2699616452124
7.116378867695683,458.15535,457.69081828099957,457.69081828099957
7.118565134592275,458.15535,457.1109411620266,457.1109411620266
7.120754422883442,458.15535,456.4284608005495,456.4284608005495
7.122947574511478,458.15535,455.5021317267792,455.5021317267792
7.125145220624286,458.15535,454.5634680156439,454.5634680156439
7.127347431987866,458.15535,453.6155614278139,453.6155614278139
7.129554472987495,457.6864628669073,452.5763175435645,452.5763175435645
7.131766658583414,456.6837635461152,451.5082200145146,451.5082200145146
7.133984089826378,455.67868657367444,450.4375897581551,450.4375897581551
7.136206780245444,454.6712258173802,449.3740874335659,449.3740874335659
7.138434715010034,453.661387999367,448.3195039412179,448.3195039412179
7.140667902904855,452.65217725655566,447.26245350688646,447.26245350688646
7.142906440179832,451.6500523149507,446.17942089518226,446.17942089518226
7.145150671390187,450.6453783719412,444.9959259365226,444.9959259365226
7.147400914580095,449.6380130488392,443.79851150784924,443.79851150784924
7.149657229481504,448.62792960547085,442.60419301114047,442.60419301114047
7.151919325507237,447.6160642598152,441.5328700334622,441.5328700334622
7.1541867967470285,446.6117815220787,440.5081738187571,440.5081738187571
7.1564595548480145,445.60515718752686,439.4810884108565,439.4810884108565
7.1587377629087525,444.59611901838935,438.4031793594538,438.4031793594538
7.161021734604955,443.5845280849644,437.2658917186233,437.2658917186233
7.163311662477899,442.57029910904566,436.1255513313002,436.1255513313002
7.165607625052527,441.0770498674119,434.97031914535177,434.97031914535177
7.167909799440592,439.569488518262,433.77524379256886,433.77524379256886
7.170218340998527,438.0577576764581,432.5742644179583,432.5742644179583
7.172533291626572,436.5418299039475,431.3767065236813,431.3767065236813
7.1748545409031195,435.02177750947794,430.2298274382626,430.2298274382626
7.177181962893286,433.9943629385857,429.0915666230537,429.0915666230537
7.179515558924001,432.99021716956577,427.9563040957244,427.9563040957244
7.1818548679230645,431.9836131117413,426.99809187323876,426.99809187323876
7.184199206961187,430.9748446294093,426.1217333405988,426.1217333405988
7.186548377239413,429.9639972657096,425.2435960698968,425.2435960698968
7.188902040898054,428.96184114043535,424.4961448376793,424.4961448376793
7.191259508110868,427.95821044355944,423.8724221462609,423.8724221462609
7.193620449429062,426.9531007361652,423.2477802997942,423.2477802997942
7.195984382856501,425.94671721564237,422.7999709159333,422.7999709159333
7.198349915028393,424.976164565129,422.6757604779532,422.6757604779532
7.200716123379457,424.4772655332181,422.55836173466946,422.56953405025854
7.203082629100454,423.97830380286746,422.56953405025854,422.56953405025854
7.205447901056198,423.4796022035782,422.99941292204664,422.99941292204664
7.20781068162959,422.9814258954127,423.4611588579253,423.4611588579253
7.210170757121154,422.6443800645395,423.9696658284919,423.9696658284919
7.2125271936930755,423.14121878288915,424.770250757134,424.770250757134
7.2148790584052485,423.6370935555233,425.6196483661998,425.6196483661998
7.21722622235513,424.13197720421203,426.4733670118772,426.4733670118772
7.219568441277087,424.6258182271981,427.418826066966,427.418826066966
7.221905403457343,425.11916774644124,428.39416679017415,428.39416679017415
7.224237051762134,425.61362580202217,429.36923617721743,429.36923617721743
7.226562678603184,426.10680692349297,430.6157651468126,430.6157651468126
7.2288810729754704,426.5984543006016,432.05262828534387,432.05262828534387
7.2311917825702,427.08847201505455,433.4847286563106,433.4847286563106
7.233494635452768,427.78568978135445,435.0058947355977,435.0058947355977
7.235789036686008,429.2610806026032,436.6844562059703,436.6844562059703
7.238074644539079,430.7308169323014,438.3594958566955,438.3594958566955
7.2403514486059395,432.19489207895094,440.06811937535855,440.06811937535855
7.242618980109798,433.6530046005182,441.9523172048299,441.9523172048299
7.244876828157137,435.16230685100436,443.8509549835172,443.8509549835172
7.24712503576598,437.1309660129673,445.7506603308221,445.7506603308221
7.249363195025194,439.09082626530926,447.8457114818882,447.8457114818882
7.251590726064979,441.041379840869,450.01458073021473,450.01458073021473
7.253807572524641,442.98257738699976,452.1730467758714,452.1730467758714
7.256014375410523,444.91498020551535,454.11959906430195,454.11959906430195
7.2582125327916245,446.8801874345145,455.73623349400737,455.73623349400737
7.260402929975571,448.84305876179496,457.3430052705095,457.3430052705095
7.262585782126168,450.79916879037864,458.8920756724449,458.8920756724449
7.26476218812585,452.7495022571147,460.0555868912468,460.0555868912468
7.266933282967695,454.695076258532,461.13990049759843,461.13990049759843
7.2690992846814915,456.3740843902224,462.2216704344411,462.2216704344411
7.27126065796122,457.85766032569245,463.11681244491615,463.11681244491615
7.273418296597077,459.33867278551133,463.82300388997885,463.82300388997885
7.275572655120816,460.81743376223403,464.5281186128969,464.5281186128969
7.277723875695374,462.29404083711324,465.1770906878528,465.1770906878528
7.279872814810046,463.5766391114121,465.514825950395,465.514825950395
7.282020307775585,464.073263044502,465.8037975071371,465.8037975071371
7.284166469543747,464.56957912816597,466.0924936368744,466.0924936368744
7.286311740682663,465.0656892471045,466.19060376206113,466.11468260595586
7.288456960754356,465.5617875563628,466.11468260595586,466.11468260595586
7.290602530298257,466.0579666837027,466.0387490821577,466.0387490821577
7.292748620764217,466.16376,465.8884384016698,465.8884384016698
7.294896328976474,466.16376,465.33708361766884,465.33708361766884
7.2970467234496645,466.16376,464.7252330849573,464.7252330849573
7.29919995337262,466.16376,464.1123468974001,464.1123468974001
7.301356380597964,466.16376,463.34828514172347,463.34828514172347
7.303516669956652,465.96796119150576,462.45448109155154,462.45448109155154
7.305681142700831,465.4674105566355,461.5589461961711,461.5589461961711
7.307849895780803,464.96587006185337,460.63087985712866,460.63087985712866
7.310023357338952,464.46324069600723,459.56147124600784,459.56147124600784
7.312201928967379,463.9594295878967,458.472523103556,458.472523103556
7.314385694344429,463.4064358156884,457.37808843096184,457.37808843096184
7.316575188179056,461.9061445192592,456.07689674551324,456.07689674551324
7.318771249301444,460.40135316691976,454.64681268656113,454.64681268656113
7.320974239997943,458.89181351177103,453.2122160602649,453.2122160602649
7.32318440978188,457.3773545815693,451.6981728864139,451.6981728864139
7.325402508245835,455.85746273831955,449.97833458677997,449.97833458677997
7.327629144470735,454.73732903363043,448.24089888484446,448.24089888484446
7.329864446858972,453.7299874131827,446.496035435992,446.496035435992
7.332108538648296,452.71868483891467,444.7365800633971,444.7365800633971
7.334361549576805,451.7033628442018,442.9679197327865,442.9679197327865
7.3366235923235585,450.68397065009503,441.1922358031475,441.1922358031475
7.338894566324072,449.0580167867729,439.49044377444073,439.49044377444073
7.341174179999454,447.03866195123373,437.8542474049297,437.8542474049297
7.34346234438549,445.01173262222164,436.2119137493803,436.2119137493803
7.3457593652949305,442.9769579010026,434.4845017120352,434.4845017120352
7.348066075672589,440.93359993837294,432.5553834004276,432.5553834004276
7.3503831443612455,439.17760271851967,430.60857191538554,430.60857191538554
7.352710575510172,437.66227865229484,428.7121181850582,428.7121181850582
7.355047406334835,436.1408347251827,427.1507177036967,427.1507177036967
7.357392657985726,434.61390823818965,425.6389113924216,425.6389113924216
7.359746226837551,433.0815666587914,424.13705566973454,424.13705566973454
7.362107527350533,431.26814771205864,422.8557628517236,422.8557628517236
7.364475793938722,429.2516585430167,421.64549289242444,421.64549289242444
7.36685086657598,427.22937428135447,420.4357539324455,420.4357539324455
7.369232132870451,425.2018163555058,419.4546580193028,419.4546580193028
7.371618596848672,423.1698327990989,418.60620029898155,418.60620029898155
7.374009907670332,421.8618132238166,417.75603602814925,417.75603602814925
7.376405115951073,420.8604944421495,417.2447302962079,417.2447302962079
7.378802311036126,419.85834507531354,417.06371069031184,417.06371069031184
7.381200547036146,418.8557605531246,416.88261248168783,416.89443258768694
7.383599269826884,417.8529725276776,416.89443258768694,416.89443258768694
7.385997054679597,417.71053,417.2088782134057,417.2088782134057
7.388393023254343,417.71053,417.52673187476074,417.52673187476074
7.390786750928193,417.71053,417.9904566230559,417.9904566230559
7.393176806076582,417.71053,418.8111230248457,418.8111230248457
7.395562140773632,417.71306040492846,419.6464685476878,419.6464685476878
7.397942558341056,418.2091919140844,420.54321316305806,420.54321316305806
7.400317198567329,418.70411929795455,421.6911992546781,421.6911992546781
7.402685317546055,419.19768751004267,422.8625860285204,422.8625860285204
7.405046780453388,419.6898684500861,424.07177427297916,424.07177427297916
7.407400653964434,420.2314111742767,425.59428142913356,425.59428142913356
7.409745954199865,421.2166956194833,427.1779424662638,427.1779424662638
7.4120825499462155,422.19832322043385,428.77111589502374,428.77111589502374
7.414409513791828,423.1759043620732,430.7223876091627,430.7223876091627
7.416725572083506,424.1489039697599,432.81882589430035,432.81882589430035
7.4190304658038,425.22630286639105,434.9051582876375,434.9051582876375
7.421324663662521,427.18934976425044,436.8636329032351,436.8636329032351
7.423608933706997,429.1439018564497,438.69341421806627,438.69341421806627
7.425883715442089,431.09033520848425,440.515592899219,440.515592899219
7.428149070285057,433.02870237247316,442.3521223271854,442.3521223271854
7.430404900060507,434.9592173451456,444.2436328369867,444.2436328369867
7.432651155630135,436.9261671899303,446.1310038501961,446.1310038501961
7.434888018136076,438.8848919309421,447.98232193031384,447.98232193031384
7.437116437290078,440.83622319010374,449.51752601273944,449.51752601273944
7.4393374805619885,442.7810957050633,450.96252108709706,450.96252108709706
7.441551429686285,444.71975617864337,452.40290075884735,452.40290075884735
7.443758899519356,446.29229091270463,453.61336273802254,453.61336273802254
7.445961073112696,447.7693475929491,454.5812853878968,454.5812853878968
7.448158567760014,449.24326597905565,455.54709861702565,455.54709861702565
7.450351668259897,450.7142370930469,456.4046192768272,456.4046192768272
7.4525418060132225,452.18322101374633,456.78010396878375,456.78010396878375
7.454730285106535,453.40529511077375,457.09668202091507,457.09668202091507
7.456917265039593,454.3965696663572,457.40655570828324,457.3388477267976
7.4591036657620755,455.38758168788763,457.3388477267976,457.3388477267976
7.46129091652538,456.378979000488,457.05113972075367,457.05113972075367
7.4634795450039,457.3710007788268,456.7632504921808,456.7632504921808
7.465669916905339,458.05081774061364,456.3239114239532,456.3239114239532
7.4678633898352,457.5522740284812,455.4729540764083,455.4729540764083
7.470061024526918,457.05278440989287,454.5972497402881,454.5972497402881
7.472262937241558,456.5523224604408,453.70484475652944,453.70484475652944
7.474469746721099,456.0507475492932,452.58230276851344,452.58230276851344
7.476682232905023,455.54788240782773,451.37974410919975,451.37974410919975
7.478900629368242,454.57893195586485,450.173973019585,450.173973019585
7.481125276771081,453.5763920169761,448.8468586218607,448.8468586218607
7.483356921752445,452.5706986111886,447.3555189727782,447.3555189727782
7.485596033595468,451.561640255512,445.8582906525057,445.8582906525057
7.487842751360274,450.5491542823397,444.3317957044491,444.3317957044491
7.4900975005122845,449.5423201592498,442.6878834784267,442.6878834784267
7.492360690196409,448.5349942970547,441.02376745982764,441.02376745982764
7.494632473902559,447.5238433110944,439.3449347395627,439.3449347395627
7.496913439401846,446.5086055896063,437.4807083227203,437.4807083227203
7.499204356538154,445.48893848183525,435.53642884346556,435.53642884346556
7.501505546732988,443.8379900348564,433.5834307175458,433.5834307175458
7.503817988720375,441.8130835773436,431.30911169725516,431.30911169725516
7.506143586354629,439.7766572830342,428.6928423253102,428.6928423253102
7.508483464996148,437.727725722003,426.06044869533395,426.06044869533395
7.510837320583085,435.6665551481947,423.6163791401242,423.6163791401242
7.513203537503962,433.2999865872789,421.61938375073356,421.61938375073356
7.515580966095497,430.76445797053657,419.6303546066927,419.6303546066927
7.517970122896738,428.21642121309014,417.49053549361315,417.49053549361315
7.520373180297161,425.6535594606303,414.79130519551046,414.79130519551046
7.52279214048272,423.0737373809761,412.019524121847,412.019524121847
7.525227230615222,420.9370563811244,409.3142210568529,409.3142210568529
7.527677065070333,418.90051174173004,407.07362131960775,407.07362131960775
7.53014022783006,416.85288729763215,404.89642481448914,404.89642481448914
7.532616535225276,414.7943357327713,402.7633810357757,402.7633810357757
7.535104846722994,412.6848723485873,400.99838512659363,400.99838512659363
7.537603936171966,410.15242867302277,399.29671563094695,399.29671563094695
7.540113467845574,407.60940340512934,397.6680620712699,397.6680620712699
7.542631581034238,405.05768208854533,396.5789042630184,396.5789042630184
7.545156301068751,402.49926574750225,395.5893731612335,395.5893731612335
7.547687114990254,400.44136028477806,394.6712944832126,394.6712944832126
7.550222393912248,398.9364265780114,394.1968281277078,394.1968281277078
7.552760487403655,397.4298221515701,393.7964129389969,393.7964129389969
7.5553009740100165,395.9217971795115,393.4544909888239,393.4544909888239
7.557842706559485,394.41303261948906,393.4103609837265,393.4103609837265
7.56038459026653,394.26624,393.40769622307323,393.4103609837265
7.562926215854135,394.26624,393.4902763895204,393.4902763895204
7.565466149764318,394.26624,393.9320346652759,393.9320346652759
7.568003109686037,394.26624,394.4133895236349,394.4133895236349
7.570536740996323,394.26624,394.96783518595913,394.96783518595913
7.5730659733028505,394.26624,395.7867902530943,395.7867902530943
7.575589907072503,394.26624,396.6279226565304,396.6279226565304
7.578108288470076,394.26624,397.5339963122139,397.5339963122139
7.58062026033037,394.26624,398.6548445087273,398.6548445087273
7.583125137129855,394.9785244111804,399.78922964691395,399.78922964691395
7.585622868578211,395.96409783081435,400.9390172184814,400.9390172184814
7.588113275175937,396.9467809565026,402.1445066910376,402.1445066910376
7.590596225221468,397.9265218204632,403.35075034418185,403.35075034418185
7.593071831472267,398.93256888287215,404.5338996885342,404.5338996885342
7.595540418900124,400.41493968635314,405.64756539655247,405.64756539655247
7.59800226391874,401.89326171664015,406.75276294005477,406.75276294005477
7.600457441194438,403.36757981037863,407.85385382180925,407.85385382180925
7.602906021165698,404.83793626541956,408.9475614444217,408.9475614444217
7.605348071300769,406.147327358392,410.03789512828155,410.03789512828155
7.607783776538982,407.13658662826447,411.08084914850934,411.08084914850934
7.610213993442334,408.1236168163691,411.89175837474767,411.89175837474767
7.612639530954645,409.1087464744378,412.6684739389848,412.6684739389848
7.615060664962487,410.09208765352787,413.3913497157927,413.3913497157927
7.617478717718362,410.8069300411905,413.72059482452823,413.72059482452823
7.619895082314265,411.30232644480907,413.9691436122523,413.9691436122523
7.622310072966551,411.7974411662974,414.19147152236457,414.09156347343486
7.6247247065454085,412.29248268157676,414.09156347343486,414.09156347343486
7.62714020299463,412.7877011001576,413.8956242730015,413.8956242730015
7.629556883956334,412.91272,413.68574055324694,413.68574055324694
7.63197576700464,412.91272,413.14251998659137,413.14251998659137
7.634398252113625,412.91272,412.45652019363814,412.45652019363814
7.636824779713659,412.91272,411.7671149314678,411.7671149314678
7.639255781200129,412.91272,410.9399187823249,410.9399187823249
7.64169192521306,412.43504691285966,410.0306161776624,410.0306161776624
7.644133483206091,411.93491657530353,409.1194839174177,409.1194839174177
7.64658034990328,411.43369879931265,408.2533007533685,408.2533007533685
7.64903230993529,410.9314377012829,407.42152820530987,407.42152820530987
7.6514892860938435,410.3236124673517,406.5880379486241,406.5880379486241
7.653951667536338,409.3235186835341,405.63492617399567,405.63492617399567
7.656420192156796,408.32092985407144,404.5670292810395,404.5670292810395
7.658895250019233,407.31568755485023,403.4963060724854,403.4963060724854
7.661377060289258,406.307702771976,402.3686467533108,402.3686467533108
7.663866029085272,405.30325415205334,401.17874556845254,401.17874556845254
7.666362402341809,404.30186259313996,399.9852762780215,399.9852762780215
7.6688662711596915,403.2974642755862,398.78043227696645,398.78043227696645
7.6713777558626415,402.2900109329071,397.5631293586375,397.5631293586375
7.673896954260918,401.27946332963666,396.3420797142497,396.3420797142497
7.676424028912684,400.2752421170567,395.08883968247096,395.08883968247096
7.67895924144225,399.2690837387204,393.80175640870164,393.80175640870164
7.681502767469937,398.2596259542438,392.5103837636159,392.5103837636159
7.684054883663057,397.24675896173403,391.1553384563706,391.1553384563706
7.686616043080684,396.07723183232247,389.7435479202556,389.7435479202556
7.689186514819737,394.5689361374407,388.32633124159963,388.32633124159963
7.691766498768103,393.05505888951666,386.87500730937325,386.87500730937325
7.694356262367419,391.53544315973977,385.3990742159671,385.3990742159671
7.696955974042999,390.00999011988006,383.91985176118135,383.91985176118135
7.699565511067201,388.49933210948257,382.50224679905347,382.50224679905347
7.7021846498214295,386.9875787678111,381.11008354680115,381.11008354680115
7.704813349101083,385.4703071403155,379.724997061831,379.724997061831
7.70745118425142,383.947762335516,378.47455896949674,378.47455896949674
7.710097624299509,382.43146257145054,377.2596094579212,377.2596094579212
7.712752482056881,380.92671389092357,376.0782718544787,376.0782718544787
7.7154149749021235,379.4176377136155,375.09873297373446,375.09873297373446
7.718084327587125,377.90467344294484,374.147791460884,374.147791460884
7.720759927112518,376.43754507657286,373.34908333327127,373.34908333327127
7.7234397192905195,375.93707253670436,372.9776325363665,372.9776325363665
7.726122092536851,375.43611796176106,372.6309195907276,372.6309195907276
7.728806437123121,374.93479522337816,372.42996258011624,372.42996258011624
7.731491506191162,374.43333718225244,372.429834065322,372.42996258011624
7.734176561392388,373.9339650772722,372.43380938734765,372.43380938734765
7.7368607523331345,373.43555867724376,372.6697412454169,372.6697412454169
7.739542717170293,372.93756562496105,373.05238712742914,373.05238712742914
7.742221883527433,372.4400922005225,373.4486871078567,373.4486871078567
7.744897527181358,372.3321197307878,374.03546667171855,374.03546667171855
7.747568764903548,372.8276940977728,374.6816816587894,374.6816816587894
7.750235246793776,373.3223861515162,375.3709236776279,375.3709236776279
7.752895967890762,373.8160094492141,376.306168065824,376.306168065824
7.755549957625935,374.30848272368735,377.2775011902834,377.2775011902834
7.758196786158015,374.80279904004965,378.3453016071684,378.3453016071684
7.76083514331586,375.2955332597801,379.70461783901027,379.70461783901027
7.763464021481462,375.7864972021873,381.0786508638066,381.0786508638066
7.766083166511779,376.2756434040334,382.5320779979945,382.5320779979945
7.76869188713027,377.3754126311378,384.13058433188104,384.13058433188104
7.771289786647829,378.8478779111838,385.7254357963216,385.7254357963216
7.773876376771005,380.3139331316961,387.49738189550374,387.49738189550374
7.77645048461073,381.7729135100626,389.4758815088232,389.4758815088232
7.779011580688724,383.29024078436487,391.44472902228256,391.44472902228256
7.7815597973702575,385.25532847695195,393.4228683374913,393.4228683374913
7.784095212544557,387.210544134522,395.4075689441115,395.4075689441115
7.786617964411489,389.1559943315506,397.38241429775513,397.38241429775513
7.789128203529303,391.0917951728261,399.3593379873085,399.3593379873085
7.7916260494178236,393.0428429955882,401.33544917697833,401.33544917697833
7.794111657460862,395.0061433636929,403.30144658924564,403.30144658924564
7.7965855527647285,396.9601922228194,405.14440411229185,405.14440411229185
7.79904851214066,398.90560315071616,406.89060875737425,406.89060875737425
7.8015009465132765,400.84270072327854,408.6293143851805,408.6293143851805
7.80394354939745,402.80833808364514,410.1722660638044,410.1722660638044
7.806377523979607,404.77409645974694,411.5312493253253,411.5312493253253
7.808803487269158,406.7333846509673,412.88575956855215,412.88575956855215
7.811222246202625,408.68685436593114,413.98603554297364,413.98603554297364
7.81363555123032,410.58610501015073,414.75367743374306,414.75367743374306
7.816044402281948,411.57582534688254,415.5183708061918,415.5183708061918
7.818449543845368,412.5640215728081,416.03383340535515,416.03383340535515
7.82085310599105,413.5515688661835,416.0644779719814,416.0644779719814
7.823256527524293,414.53905838637684,416.0825146699915,416.0644779719814
7.825660143455652,415.3047,415.99718447861056,415.99718447861056
7.828065132614136,415.3047,415.60757844815885,415.60757844815885
7.830472435902275,415.3047,415.1977863928687,415.1977863928687
7.832882192289986,415.3047,414.7618568131566,414.7618568131566
7.835294816046245,415.3047,414.2115279728374,414.2115279728374
7.8377106891007635,415.10471129067673,413.64692531742276,413.64692531742276
7.840130044229967,414.60625745071525,413.0201173586679,413.0201173586679
7.842554277947906,414.1067984870083,411.9841464008221,411.9841464008221
7.844984845501697,413.6060345785402,410.87044187026186,410.87044187026186
7.847422045355152,413.1039042335385,409.74497018950393,409.74497018950393
7.849866212277183,412.29334401988626,408.53154765803043,408.53154765803043
7.8523177251138065,411.2918957472434,407.2931051578657,407.2931051578657
7.854776745717162,410.28738053572397,406.040764033751,406.040764033751
7.857243779154033,409.2795920644594,404.65188416676915,404.65188416676915
7.859719435654732,408.26828105305276,403.2171829493403,403.2171829493403
7.862203960453554,407.2638771216907,401.7683337392814,401.7683337392814
7.864697910404935,406.2567960725469,400.1755419248751,400.1755419248751
7.86720197523335,405.2456305384799,398.529217944327,398.529217944327
7.8697164231061425,404.23027223092913,396.87745817076586,396.87745817076586
7.872241314205786,402.9484590589673,395.2393005267231,395.2393005267231
7.874776692164835,400.9342455247652,393.60112390658435,393.60112390658435
7.877322690215044,398.9115949323841,391.9489071660874,391.9489071660874
7.879879738785515,396.8801653303908,390.20671785711517,390.20671785711517
7.882448333897521,394.83956265810684,388.4330794653129,388.4330794653129
7.885028726123114,393.18186142113336,386.64700352259433,386.64700352259433
7.887621207330129,391.66941101112207,384.819043505278,384.819043505278
7.890226086813307,390.1497274617486,382.97522371905774,382.97522371905774
7.8928433362651775,388.622827287556,381.1899629472607,381.1899629472607
7.89547177841248,386.96563451568545,379.71986629136387,379.71986629136387
7.898110288567177,384.95428754345266,378.2863704046466,378.2863704046466
7.900758576678312,382.93548679544347,376.92093861255273,376.92093861255273
7.903415774082079,380.9098944575944,375.7535928113648,375.7535928113648
7.906081210384768,378.87802157374426,374.59439760308953,374.59439760308953
7.908754200559764,377.75700576481813,373.6325594883732,373.6325594883732
7.911433027870855,376.7535230531803,372.96338509946594,372.96338509946594
7.91411665152728,375.74824364132064,372.29819006971417,372.29819006971417
7.9168039908152466,374.7415723622071,371.932540947324,371.932540947324
7.919493228962036,374.016522616223,371.77254703451325,371.77254703451325
7.9221835470248285,373.51740841912965,371.6340029655153,371.77254703451325
7.924873723852244,373.01832042435876,371.8115927811419,371.8115927811419
7.927562238156644,372.5195408648067,372.09379933525673,372.09379933525673
7.93024846753608,372.13778,372.4444217316502,372.4444217316502
7.932930813999853,372.13778,373.17212410347014,373.17212410347014
7.9356077343533205,372.13778,373.95589500349695,373.95589500349695
7.938278524544364,372.13778,374.8873128356076,374.8873128356076
7.94094127199163,372.13778,376.2189508992247,376.2189508992247
7.94359454929772,373.0184330663069,377.56822527917086,377.56822527917086
7.946237475145715,374.00276473336135,379.17225894111897,379.17225894111897
7.948867953465063,374.9824604411315,381.1508845013584,381.1508845013584
7.951484834814191,375.9570920914389,383.1227091558047,383.1227091558047
7.954088239849521,377.40786829173794,385.107096577639,385.107096577639
7.956678233144171,379.37086012611053,387.10082231116456,387.10082231116456
7.959254961987723,381.3237986490549,389.08214202557724,389.08214202557724
7.961819110360309,383.2672022585948,390.9081983119428,390.9081983119428
7.964371620315481,385.20178495018354,392.63810861623915,392.63810861623915
7.966912920201049,387.173148582453,394.36449400842656,394.36449400842656
7.96944269158112,389.1370035622904,396.22515922652724,396.22515922652724
7.971960416973478,391.0915072730195,398.14729934270974,398.14729934270974
7.974466055818933,393.036628228645,400.05689938474023,400.05689938474023
7.976960097700144,394.98863808437454,401.85829999557666,401.85829999557666
7.9794431513722195,396.9595838584619,403.60532383578214,403.60532383578214
7.981915525086732,398.92205232194465,405.3375796324371,405.3375796324371
7.984378197514641,400.876820303537,406.79089595579615,406.79089595579615
7.986832517039889,402.82495809489865,408.1010319728131,408.1010319728131
7.989278992969124,404.1355449791249,409.4034660585916,409.4034660585916
7.991718496631357,405.12064009147525,410.4367366186944,410.4367366186944
7.994152362586343,406.10345864325336,411.302116327604,411.302116327604
7.996581120618637,407.0842145665729,412.1649269458451,412.1649269458451
7.99900609576233,408.06344292298263,412.58600979660895,412.58600979660895
8.001429691714295,409.0514894742082,412.6340542813304,412.6340542813304
8.003853005511008,410.0405664601644,412.6820931725511,412.6340542813304
8.00627700468859,411.0299231847348,412.400790920509,412.400790920509
8.008703844475969,412.02043930590526,411.71680763867613,411.71680763867613
8.011134725589308,412.86254703478494,411.03070553993615,411.03070553993615
8.013570269711098,412.36321849767796,410.1419944833527,410.1419944833527
8.016012109946185,411.86259914879133,408.9142505224169,408.9142505224169
8.018461319694584,411.3604689226154,407.67754549138766,407.67754549138766
8.020918226553734,410.8567606560264,406.3562717029047,406.3562717029047
8.023383664133608,410.1718715560264,404.86150434528673,404.86150434528673
8.025858254527648,409.16768405188213,403.3558659832909,403.3558659832909
8.028342719266021,408.1594895439066,401.6501173378755,401.6501173378755
8.030839210922613,407.1464145187283,399.4800086618252,399.4800086618252
8.033349399384644,406.12778133697475,397.27899676656654,397.27899676656654
8.035873336510402,404.4101435619514,395.1395459205265,395.1395459205265
8.038410467979183,402.38285959773293,393.15726545458523,393.15726545458523
8.040960435250092,400.3453192411516,391.1715540745012,391.1715540745012
8.04352442101724,398.29657746557496,388.87076352334225,388.87076352334225
8.046105611424458,396.16585737290643,385.97633895823054,385.97633895823054
8.048706353503523,393.6391961562131,383.04610805167096,383.04610805167096
8.051327353697097,391.0928538674643,380.03326260379936,380.03326260379936
8.053969574875037,388.52589506367985,376.91845764015073,376.91845764015073
8.05663380113748,385.9375579794305,373.7816419974858,373.7816419974858
8.05931890326988,382.6435926919403,371.0787901952769,371.0787901952769
8.062022565545316,379.0853004404944,368.66643885325936,368.66643885325936
8.064744111116497,375.50347196810253,366.21825960380863,366.21825960380863
8.067484940383018,371.89626420765126,363.4980410197095,363.4980410197095
8.070246736560035,368.8008560996923,360.6793320103585,360.6793320103585
8.073029997041905,366.27795262974814,357.9129999484885,357.9129999484885
8.075833812026584,363.7364174051427,355.40961371539953,355.40961371539953
8.078657406156413,361.1769532535618,352.916261056439,352.916261056439
8.081499927083538,358.7890719096704,350.6915736080113,350.6915736080113
8.0843592170874,356.76535764642813,348.78795115535564,348.78795115535564
8.087234072665927,354.7306265659263,346.9042699181464,346.9042699181464
8.090123065339395,352.68588970055043,345.38189959555206,345.38189959555206
8.093024379059058,350.796832048899,343.96391261745646,343.96391261745646
8.095936386427793,349.2833181001406,342.8493449703034,342.8493449703034
8.098854727514283,347.76651220567055,342.4717151755018,342.4717151755018
8.10177611981112,346.24812044659393,342.1335294572963,342.1335294572963
8.104699189491711,345.05629514058796,342.07869652011664,342.1335294572963
8.107622114582293,344.5561529755619,342.1673828759701,342.1673828759701
8.110543934651254,344.05619989095635,342.3375066569686,342.3375066569686
8.11346298254984,343.55672115285324,342.8177398613527,342.8177398613527
8.116377817953275,343.2287,343.3277291200192,343.3277291200192
8.11928795813255,343.2287,343.9249071418754,343.9249071418754
8.122192748285507,343.2287,344.5936368407105,344.5936368407105
8.125091867985583,343.2287,345.27161142677494,345.27161142677494
8.1279850030099,343.5736296604023,346.0208213000755,346.0208213000755
8.130871829914481,344.5644249257175,346.78220488304726,346.78220488304726
8.133752107470684,345.5529723723803,347.59627423416237,347.59627423416237
8.136625291768848,346.53908532376,348.4966800675894,348.4966800675894
8.139491037072137,347.37133275576707,349.40322482281226,349.40322482281226
8.142348746015127,347.8668496323128,350.459706434708,350.459706434708
8.145197619184755,348.36083441622554,351.5740169788066,351.5740169788066
8.148037442427922,348.8532499740968,352.6969581652371,352.6969581652371
8.150868068823922,349.46152745236395,353.8623545928191,353.8623545928191
8.153689385740156,350.44676434008943,355.0283763973597,355.0283763973597
8.156501811076934,351.42889618420213,356.1032376585073,356.1032376585073
8.159306162167319,352.4082084069737,357.07555237578356,357.07555237578356
8.162102937977926,353.38619540867467,358.034894384391,358.034894384391
8.164892906321484,354.37350267168677,358.8199772651508,358.8199772651508
8.167677020717544,355.3587383538884,359.5420352527873,359.5420352527873
8.17045566620981,356.34203871361615,360.2337882087323,360.2337882087323
8.173229448403848,357.3236180611061,360.8038095735794,360.8038095735794
8.175998906105765,358.3134787335357,361.3596607339819,361.3596607339819
8.178764587273289,359.30271357656466,361.78975031451625,361.78975031451625
8.18152770674825,360.29103214783754,362.0299173883932,362.0299173883932
8.18428903494147,361.27871000956884,362.2592871641899,362.117775236886
8.187050028048706,361.54374,362.117775236886,362.117775236886
8.18981285224056,361.54374,361.77933087149285,361.77933087149285
8.192578412843273,361.54374,361.4015474732537,361.4015474732537
8.195347929574543,361.54374,360.74669666850735,360.74669666850735
8.198122691252191,361.27937414637177,360.0366257720024,360.0366257720024
8.200903184007746,360.7802421390784,359.2611751159372,359.2611751159372
8.203690287903463,360.2799233523365,358.3307901851402,358.3307901851402
8.206484674017943,359.77829731943757,357.391148467775,357.391148467775
8.209286583556425,359.09308544834266,356.40912168330664,356.40912168330664
8.2120963559864,358.09472881187867,355.3937447685193,355.3937447685193
8.214914244453851,357.09348841878455,354.35906252349815,354.35906252349815
8.217740987271114,356.0891019349956,353.1710412503785,353.1710412503785
8.220577417737136,355.08373238730337,351.94269008531774,351.94269008531774
8.22342403886494,354.0821781912905,350.6470510742571,350.6470510742571
8.226281833749658,353.0766926244978,349.1962461972441,349.1962461972441
8.229151573628014,352.067004335262,347.7340986686168,347.7340986686168
8.23203310915547,350.9588662525166,346.34307445242075,346.34307445242075
8.234926070363045,349.45654552228734,344.992718510388,344.992718510388
8.237830279473545,347.948383732838,343.66548505067084,343.66548505067084
8.240745144227342,346.4346884458173,342.47476231006243,342.47476231006243
8.243670095852028,345.01870973554605,341.2992509431978,341.2992509431978
8.246604723070242,344.0155858463827,340.22002445990523,340.22002445990523
8.249548219778099,343.0094301592135,339.2453576583996,339.2453576583996
8.252500098918242,342.0004091615806,338.29050249725043,338.29050249725043
8.255459553707983,340.99204376319176,337.510550756744,337.510550756744
8.258425696144812,339.9906551708732,336.7667223254705,336.7667223254705
8.261397884273482,338.9872255144546,336.1387786313401,336.1387786313401
8.264374891462321,337.98216891260745,335.6771819341119,335.6771819341119
8.26735582469011,337.15570374938306,335.25391351736147,335.25391351736147
8.270338880800237,336.6569300931176,335.19945355343106,335.2387250065308
8.27332200448087,336.15814513891246,335.2387250065308,335.2387250065308
8.276304437325262,335.6594756940724,335.3547683723306,335.3547683723306
8.279285293557223,335.38935,335.5934751924806,335.5934751924806
8.282263919788281,335.38935,335.8571040897662,335.8571040897662
8.285239021293464,335.38935,336.38928815536946,336.38928815536946
8.288209088381741,335.38935,336.99672232100204,336.99672232100204
8.291172944683257,335.6657260495401,337.8007834177899,337.8007834177899
8.294128173333021,336.15984689216816,338.9678136223228,338.9678136223228
8.297073219087272,336.65226513188213,340.1408093835432,340.1408093835432
8.300008003406935,337.14296763677294,341.3423934173145,341.3423934173145
8.302932443301767,338.24336674406413,342.55138529695796,342.55138529695796
8.30584650748284,339.72463078554074,343.7774869069794,343.7774869069794
8.308749977366034,341.2005095810114,345.05586384308157,345.05586384308157
8.311642718808539,342.6709349436037,346.33216900969774,346.33216900969774
8.314524945111046,343.8413155891326,347.5781065801569,347.5781065801569
8.317396939870989,344.8270202760491,348.8041526406455,348.8041526406455
8.320258722165232,345.8092199164221,350.06329658234694,350.06329658234694
8.323109423205226,346.7876163311066,351.52154601092434,351.52154601092434
8.325948223797083,348.04780512053503,353.0044663298459,353.0044663298459
8.328775165871523,349.5268904581103,354.4768366791837,354.4768366791837
8.331590440475532,350.99987125445796,355.9364351765947,355.9364351765947
8.334394227293886,352.4668415225128,357.387510582732,357.387510582732
8.337186953269494,353.9381217498885,358.76129068070975,358.76129068070975
8.339969152297737,355.4166929310486,360.0970242819203,360.0970242819203
8.342741041738048,356.88978518728254,361.43495594165813,361.43495594165813
8.345502557159731,358.35736427755637,362.80767158784624,362.80767158784624
8.348253640189148,359.703744523998,364.18134303949563,364.18134303949563
8.350995048237554,360.68997610471297,365.3727029329936,365.3727029329936
8.353728934465316,361.6735016829166,366.1875430516066,366.1875430516066
8.356456797027999,362.6548602255575,366.9880985147956,366.9880985147956
8.359179784117408,363.63446479884124,367.4997653345637,367.4997653345637
8.361899868486404,364.6252025878921,367.7716461901369,367.7716461901369
8.364617967233,365.6152630267743,368.0368899772035,368.0368899772035
8.367334507982946,366.6047559694057,368.19358646181166,368.19358646181166
8.370050035952264,367.59388000931267,368.31145926964405,368.31145926964405
8.372764897046363,367.86341,368.3744872000783,368.31145926964405
8.375480381704335,367.86341,368.1423599089767,368.1423599089767
8.378197742140467,367.86341,367.86610447119585,367.86610447119585
8.380917806937438,367.86341,367.4107790742815,367.4107790742815
8.38364278060689,367.63824262215167,366.54229460444617,366.54229460444617
8.38637428821901,367.1393327567978,365.6551655344156,365.6551655344156
8.389113571881024,366.63900259593083,364.4646629395303,364.4646629395303
8.391862893640214,366.13683897661485,362.9904655335306,362.9904655335306
8.39462345085876,365.5228916767569,361.5039973249674,361.5039973249674
8.397395799951227,364.52061590455196,359.90939793001155,359.90939793001155
8.400180626715269,363.5138291319304,358.2718633644266,358.2718633644266
8.40297805436526,362.5024868137134,356.67423614888224,356.67423614888224
8.405787302725535,361.4595137472761,355.26276789699034,355.26276789699034
8.408607674546479,359.949372400657,353.8663408209037,353.8663408209037
8.411439828482344,358.432922432331,352.3133787311934,352.3133787311934
8.414285294928249,356.9093444067421,350.5634378284148,350.5634378284148
8.417145074976219,355.37810229866045,348.7955154049239,348.7955154049239
8.420019956832608,353.38403002908035,346.89046317273767,346.89046317273767
8.422910894822463,351.3649014113471,344.93206425702255,344.93206425702255
8.425818001676847,349.334479913171,343.0423343953833,343.0423343953833
8.428740268557334,347.29347014134146,341.36197841238095,341.36197841238095
8.431676922354544,345.2858423698026,339.6893817783412,339.6893817783412
8.434627335810758,343.27050159514056,338.1850515218713,338.1850515218713
8.437590493054511,341.24645591351054,336.7736431878392,336.7736431878392
8.44056546333295,339.2509495023787,335.50437708933623,335.50437708933623
8.443549251033527,338.2485434521391,334.78536936580946,334.78536936580946
8.446539212475697,337.24406332808894,334.1202390083887,334.1202390083887
8.449534117475896,336.23792241145793,333.68086508030115,333.68086508030115
8.452532307606612,335.3108339411624,333.38836580249836,333.38836580249836
8.45553287620642,334.81202168950585,333.1520530770781,333.1520530770781
8.45853458083868,334.31302058467463,333.136021926214,333.1451498673683
8.461536316569845,333.8140143099854,333.1451498673683,333.1451498673683
8.464536791774584,333.45765,333.41604256265595,333.41604256265595
8.467534069046362,333.45765,333.85651520804396,333.85651520804396
8.470527147295805,333.45765,334.35224316061414,334.35224316061414
8.473514818223595,333.45765,335.06628514092716,335.06628514092716
8.476496035260768,333.6598027808284,335.80147691006823,335.80147691006823
8.479470514662133,334.1542779838935,336.5860077216205,336.5860077216205
8.482437923037054,334.6475777048777,337.403781232643,337.403781232643
8.485398147363593,335.1396831550992,338.22168170757305,338.22168170757305
8.488351188502392,335.8768780284031,339.04723452127956,339.04723452127956
8.491297051459075,336.8665432282378,339.8719755094766,339.8719755094766
8.494235763686302,337.85380613434745,340.6992408816834,340.6992408816834
8.497167340075478,338.8386717495123,341.52857446006834,341.52857446006834
8.500091801171314,339.8264307395607,342.3591177373418,342.3591177373418
8.503009090852483,340.81618026244087,343.20978279553475,343.20978279553475
8.505919149926939,341.80347665576346,344.0625467266446,344.0625467266446
8.508822120313631,342.7883680684022,344.88794337015645,344.88794337015645
8.511718318968889,343.5026601384345,345.6733146598656,345.6733146598656
8.514607957076151,343.9979590564235,346.4557623374563,346.4557623374563
8.517491134069058,344.49215050599196,347.22432043207,347.22432043207
8.520367960748153,344.985253478927,347.986976589418,347.986976589418
8.523238201357389,345.7415352998105,348.81971270917694,348.81971270917694
8.526100731563524,346.7305333220979,349.86443300857945,349.86443300857945
8.52895468370341,347.71656764096724,350.91975591742175,350.91975591742175
8.531800643008827,348.69984045273895,351.83216592660943,351.83216592660943
8.534639676297694,349.68558429155246,352.63389236816084,352.63389236816084
8.537472356282237,350.67478929572417,353.41212793939894,353.41212793939894
8.540299529966193,351.6620714352857,354.0086553916449,354.0086553916449
8.543122107673728,352.64774860608986,354.5639457994119,354.5639457994119
8.545940896707721,353.4608915143235,354.9608187812594,354.9608187812594
8.548757981208936,353.9579029330139,354.99303714868785,354.99303714868785
8.551574880980326,354.45488176026674,355.0073757625,354.99303714868785
8.554393083275887,354.9520903887153,354.6650521216274,354.6650521216274
8.557214970648225,355.21551275991146,354.08093755195995,354.08093755195995
8.560041659257287,354.71766526939837,353.46128255236545,353.46128255236545
8.562874350175871,354.21876062857746,352.58224905888807,352.58224905888807
8.565714334622264,353.71857142301747,351.6481987214817,351.6481987214817
8.56856300727727,353.1485906336211,350.4352666537638,350.4352666537638
8.571423873040244,352.1478203295155,348.6583249620972,348.6583249620972
8.574299479648307,351.14189347447564,346.8517937217973,346.8517937217973
8.57719080234036,350.13046891648264,344.87876852086134,344.87876852086134
8.580099096490528,349.00232650042017,342.8157683573299,342.8157683573299
8.583024983181453,346.9938941352084,340.74398084250504,340.74398084250504
8.585968706400301,344.9732181448162,338.6740268051483,338.6740268051483
8.588930519027894,342.940124942882,336.5945395269686,336.5945395269686
8.591909219764226,340.9029790787645,334.84370692153436,334.84370692153436
8.594902427088913,338.8918017916885,333.3392560684479,333.3392560684479
8.597909308469697,336.87143671771355,331.8052523291959,331.8052523291959
8.600930630589973,334.84136871169176,330.16068991646625,330.16068991646625
8.603967145548264,332.9755065237514,328.49334078082836,328.49334078082836
8.607020208545269,331.4690631804897,326.59201125092096,326.59201125092096
8.610091890672185,329.953432780052,324.52359924063717,324.52359924063717
8.613182169463716,328.42862640727435,322.6724942025546,322.6724942025546
8.61628654555072,326.9118651381923,321.581192388299,321.581192388299
8.619401155668928,325.40275612429923,320.5553922851752,320.5553922851752
8.622524962874154,323.88919088430066,319.6901546573374,319.6901546573374
8.625656914645479,322.3716793917538,318.890284609476,318.890284609476
8.62879613050137,321.2772375926311,318.21221400789324,318.21221400789324
8.631940991676252,320.2742383426462,317.7462472662786,317.7462472662786
8.635090415513229,319.2697839102534,317.2908680804804,317.2908680804804
8.638244109667172,318.3322980488772,316.886295693225,316.886295693225
8.641401784067547,317.833961592562,316.49147653835774,316.49147653835774
8.644563019600326,317.3350631270341,316.17271029184406,316.17271029184406
8.647727174877065,316.8357038746508,315.90763243091556,315.90763243091556
8.650893375279878,316.56539,315.76435558344906,315.90763243091556
8.654059369813542,316.56539,315.94872828324526,315.94872828324526
8.657223293747332,316.56539,316.1778033600199,316.1778033600199
8.660383363101083,316.56539,316.7201633707075,316.7201633707075
8.663537582734044,316.56539,317.35172029550375,317.35172029550375
8.666685010140853,316.56539,318.08873057608633,318.08873057608633
8.669824584462269,316.56539,318.94144576069573,318.94144576069573
8.67295574298483,316.6591688257349,319.8009260415007,319.8009260415007
8.676078319714193,317.649324447234,320.69699855407407,320.69699855407407
8.679192149115377,318.6367063286707,321.6002172867399,321.6002172867399
8.682296264001648,319.6210077793021,322.70773609748005,322.70773609748005
8.685389249230184,320.6056287552092,323.91902423773234,323.91902423773234
8.688470042577526,321.59303496409166,325.2672080581027,325.2672080581027
8.69153652409084,322.5758541746959,326.9504270652084,326.9504270652084
8.694587212350765,323.55361158637515,328.64371158340583,328.64371158340583
8.697622000179454,324.818557584872,330.3855465478476,330.3855465478476
8.700640782719915,326.28971007695054,332.1378263126517,332.1378263126517
8.703644215018272,327.7533818887796,333.7709843921686,333.7709843921686
8.706633968276499,329.21038745231,335.1835227788399,335.1835227788399
8.70961118903281,330.68116739287507,336.5868603062666,336.5868603062666
8.712575907162872,332.15376077861765,338.01655738509123,338.01655738509123
8.715528090739673,333.62012817611594,339.4511257736473,339.4511257736473
8.71846849254377,335.080643496015,340.730430456767,340.730430456767
8.721399376811998,336.55447233737823,341.65874574172017,341.65874574172017
8.724322423036263,338.02920198365655,342.56015392177136,342.56015392177136
8.727239212936823,339.50077520155946,343.12562681181686,343.12562681181686
8.73015188233527,340.9702695516803,343.5299526083054,343.5299526083054
8.733061583829599,341.65260245633976,343.8259066360416,343.71972402997505
8.73597048173906,342.1483313211945,343.71972402997505,343.71972402997505
8.738880440603948,342.64424099206144,343.57524515701687,343.57524515701687
8.741792168865167,343.1404522000953,343.3021474893354,343.3021474893354
8.744706665654567,343.2287,342.92287023266755,342.92287023266755
8.74762459652289,343.2287,342.4945954645439,342.4945954645439
8.750547547693238,343.2287,341.74618590938604,341.74618590938604
8.75347716469576,343.2287,340.9378653339839,340.9378653339839
8.756414054343784,342.80537216986977,340.0558371279362,340.0558371279362
8.759359010560132,342.3034983167415,339.07283009922696,339.07283009922696
8.762312561213088,341.8001598160263,338.07970154368167,338.07970154368167
8.765275124579647,341.29528538575187,337.01302917404087,337.01302917404087
8.768247178699017,339.8809842407072,335.9239893740602,335.9239893740602
8.771228693159019,338.3767563128449,334.8776762770993,334.8776762770993
8.774219189213,336.86799700850224,333.9090931664197,333.9090931664197
8.77721834536915,335.3666725238013,332.94653649590816,332.94653649590816
8.780225785658466,334.3687825946258,332.07197312044383,332.07197312044383
8.783241044278926,333.36829848795696,331.2221368991755,331.2221368991755
8.786264302363694,332.36516010253126,330.3170660015641,330.3170660015641
8.78929628495714,331.4487905613353,329.31883840365543,329.31883840365543
8.792337472368938,330.948171787654,328.3205431378562,328.3205431378562
8.795387725314157,330.4460607099452,327.3641790143839,327.3641790143839
8.798446861138064,329.94248739553905,326.41659979417676,326.41659979417676
8.80151402901253,329.2515471562524,325.6516385064032,325.6516385064032
8.804587277560575,328.25020237761646,325.12595846523095,325.12595846523095
8.807665395951332,327.24727087682095,324.6220203927525,324.6220203927525
8.81074766382665,326.2429873653973,324.2510609167894,324.2510609167894
8.813833350592738,325.54161503526757,323.9030545769341,323.9030545769341
8.816921836302857,325.04194330966084,323.66357232340266,323.66357232340266
8.820012196722299,324.54196828356,323.5101682508656,323.5101682508656
8.823103922488025,324.04177236443957,323.37776274197904,323.37776274197904
8.826196547327967,323.96475,323.32208555338747,323.32208555338747
8.829289647207979,323.96475,323.27844035775905,323.32208555338747
8.832382434368142,323.96475,323.3874804746962,323.3874804746962
8.835473836199544,323.96475,323.5682584543001,323.5682584543001
8.838563056560936,323.96475,323.8443990725059,323.8443990725059
8.84164865263081,323.96475,324.328943251939,324.328943251939
8.844729527049468,323.96475,324.837805249745,324.837805249745
8.847804593936075,324.12699883698565,325.5553432631478,325.5553432631478
8.850872613263551,324.6225050807093,326.3319576540753,326.3319576540753
8.853932632909943,325.11671932086256,327.25993483387157,327.25993483387157
8.856982990141457,325.6093730144901,328.40296842245345,328.40296842245345
8.86002287621984,326.36416884202754,329.51831423109735,329.51831423109735
8.863053381289633,327.35243716629475,330.43896883466505,330.43896883466505
8.866075645401434,328.33801805808525,331.3177317008581,331.3177317008581
8.869089711962825,329.3209256729074,332.23889972263294,332.23889972263294
8.872095213884428,330.3094526764321,333.20876945654436,333.20876945654436
8.875092028289515,331.2989413733958,334.16793823336184,334.16793823336184
8.878080507717744,332.28567802626367,335.06994049258924,335.06994049258924
8.881061009343624,333.2697805669759,335.9592229288285,335.9592229288285
8.88403307406913,333.8571352133681,336.9751655306904,336.9751655306904
8.886995527513193,334.34961123039875,338.1429491777443,338.1429491777443
8.889947692520076,334.84037690542436,339.32803068490006,339.32803068490006
8.892888814009831,335.3293067145257,340.68739853168734,340.68739853168734
8.89581807308286,336.687223142093,342.08196186547957,342.08196186547957
8.898735722365036,338.1617678762959,343.4039361956784,343.4039361956784
8.901642656399158,339.63089725345435,344.6082803964748,344.6082803964748
8.90453955198106,341.09495331801463,345.7879671898556,345.7879671898556
8.907428030338387,342.1315640272169,346.6191186217866,346.6191186217866
8.910310135110873,343.11503887563504,347.31888558838233,347.31888558838233
8.91318682217754,344.0966650135347,347.92584488197906,347.92584488197906
8.916059697138554,345.07699032779146,348.2410392035571,348.2410392035571
8.918930066452603,346.0676803755755,348.53353354809616,348.53353354809616
8.921799044294815,347.05976054712846,348.578859245084,348.53353354809616
8.924668453983086,348.0519900491877,348.4286475826084,348.4286475826084
8.92753928807734,349.04471210469546,348.23305141923555,348.23305141923555
8.930413134054294,348.82263793142783,347.6988789446891,347.6988789446891
8.933291689119079,348.32436549964586,347.09467804460076,347.09467804460076
8.93617600239056,347.8250963331866,346.31216054466074,346.31216054466074
8.939068178726277,347.3244660851951,345.210362642326,345.210362642326
8.941969632464602,346.8241618353418,344.10105160119525,344.10105160119525
8.944880255487666,346.32280513937144,343.03869981945337,343.03869981945337
8.947799832670178,345.8199060836521,341.9935942680435,341.9935942680435
8.950728360980738,345.31546519034373,340.94490036641514,340.94490036641514
8.953665930024442,344.007393799865,339.8917898924927,339.8917898924927
8.956612630961226,342.5008624628208,338.8349935807323,338.8349935807323
8.959568649463804,340.989567423876,337.7524898619833,337.7524898619833
8.962534232666096,339.4733823332572,336.65290708968314,336.65290708968314
8.965509300450456,338.41129203662285,335.6023252245744,335.6023252245744
8.968492769116304,337.41071829351904,334.75938669896334,334.75938669896334
8.971483674703547,336.40765041050236,333.9354210436071,333.9354210436071
8.97448251928689,335.40192000545767,332.98944559118166,332.98944559118166
8.97749028517077,334.4029387795126,331.9575263143656,331.9575263143656
8.980507503578872,333.4009413545846,330.9063301504065,330.9063301504065
8.983534635931061,332.39565157719744,329.7868636670722,329.7868636670722
8.98657210876818,331.38890788704884,328.65717664585753,328.65717664585753
8.989619909115145,330.39010279623517,327.5556352053816,327.5556352053816
8.992677901714393,329.3879575675164,326.4699864930172,326.4699864930172
8.995746090771663,328.38247082261523,325.3821428272288,325.3821428272288
8.998824551208333,327.37709471827475,324.29507105441166,324.29507105441166
9.001913306990868,326.37476950235714,323.2166419424654,323.2166419424654
9.005011122326763,325.36950439108523,322.40066505776826,322.40066505776826
9.00811627001329,324.36185987514455,321.69186256521135,321.69186256521135
9.011227849027758,323.3602077775613,321.06921388402975,321.06921388402975
9.014344688278683,322.36210840624835,320.60681671670216,320.60681671670216
9.017465804824894,321.3626393249856,320.1897756289054,320.1897756289054
9.02058930533799,320.36240683064307,320.117474878562,320.12106025759454
9.023713141049686,320.2437,320.12106025759454,320.12106025759454
9.026835772401796,320.2437,320.3644993261173,320.3644993261173
9.029954985808674,320.2437,320.8231215058096,320.8231215058096
9.033069366385313,320.3250911326195,321.35960040881974,321.35960040881974
9.036177119657204,320.8216758425549,322.19321114660437,322.19321114660437
9.039276683860589,321.31695202962715,323.059952671144,323.059952671144
9.04236700008917,321.8107504922848,324.12475789741313,324.12475789741313
9.045446746254676,322.5100688726516,325.2814716396127,325.2814716396127
9.048514907065442,323.49827277385475,326.57741983166505,326.57741983166505
9.051569419138717,324.48208064223354,328.19563980650213,328.19563980650213
9.054609013904981,325.46108389250594,329.79067301223245,329.79067301223245
9.05763589139302,326.74779426525765,330.95831784887883,330.95831784887883
9.060652764977934,328.2290817962048,331.9812138325647,331.9812138325647
9.06366024329208,329.7057562411037,333.02938966461636,333.02938966461636
9.066658043055323,331.17767850916607,334.1283877237833,334.1283877237833
9.06964604880987,332.2849987185273,335.21613372304415,335.21613372304415
9.0726249516092,333.27256908649633,336.1733678040217,336.1733678040217
9.075595577448162,334.2573954640279,337.086675316654,337.086675316654
9.078558218963895,335.239574866629,337.9877651010408,337.9877651010408
9.08151307233018,335.80859087927433,338.86591207147706,338.86591207147706
9.084460336148851,336.3022296207105,339.7307019890925,339.7307019890925
9.087401089730387,336.79477795916114,340.3676806127404,340.3676806127404
9.09033674414978,337.28647223630765,340.9118537892311,340.9118537892311
9.093268178617311,338.2296580439447,341.3482616789131,341.3482616789131
9.09619720938636,339.218517500678,341.47149094140417,341.47149094140417
9.099125294198096,340.2070575961925,341.56884744485643,341.47149094140417
9.102054168536895,341.1958642410764,341.28746806776604,341.28746806776604
9.1049864443387,341.25185,340.77699498345913,340.77699498345913
9.107923374568799,341.25185,340.20663292301356,340.20663292301356
9.110866374573046,341.25185,339.37304981278226,339.37304981278226
9.113816758158835,341.25185,338.5060170015577,338.5060170015577
9.116775305996345,340.25749592279635,337.50279360333775,337.50279360333775
9.119743190563685,339.255519176113,336.37973431109316,336.37973431109316
9.122721112852386,338.25015363072,335.2314270346481,335.2314270346481
9.125709826324258,337.24219121639044,333.9552623017073,333.9552623017073
9.128710094578473,336.2409156457529,332.65433647634376,332.65433647634376
9.131723973728057,335.2350977289411,330.9466723478195,330.9466723478195
9.134755286693128,334.22346164786177,328.8401626250046,328.8401626250046
9.137806529804813,332.961364493186,326.63778705802804,326.63778705802804
9.140880519525062,330.944819293577,323.99322497806617,323.99322497806617
9.143980096707274,328.9114886528023,321.2675860659863,321.2675860659863
9.147105296219667,326.86134969722116,318.7018428928761,318.7018428928761
9.15025525737327,324.5668933279512,316.23619689423407,316.23619689423407
9.153432086049786,322.0286947765844,313.3358233688085,313.3358233688085
9.156644241904218,319.46227078376705,309.32480891943317,309.32480891943317
9.159898611557098,316.8621191295042,305.2604063990021,305.2604063990021
9.163194203682435,313.8493865973214,301.63249650833296,301.63249650833296
9.166529228661155,310.7518119500328,298.08415621968476,298.08415621968476
9.169901850120453,307.6193176527213,294.94300032193826,294.94300032193826
9.173309281959659,304.2902828223214,292.0238307933351,292.0238307933351
9.176747185178602,300.7021778782473,289.7351158245785,289.7351158245785
9.180207661835123,297.0905132648568,288.223897469517,288.223897469517
9.183684642588576,293.5523214056184,286.99044457439294,286.99044457439294
9.187172872940398,291.53710673541264,286.3668638628776,286.3668638628776
9.19066841750184,289.51766651212165,285.79063360905036,285.79063360905036
9.194170414038922,287.4944988641346,285.3125586194383,285.3125586194383
9.197677992504623,286.59046578019456,284.8817111498456,284.8817111498456
9.201189416545027,286.09059143075297,284.68784487486647,284.68784487486647
9.204702910254872,285.59042245022897,284.54616806486393,284.54616806486393
9.208217312299226,285.3047,284.5406851021091,284.54616806486393
9.211731490156989,285.3047,284.58247591441966,284.58247591441966
9.215243657823214,285.3047,284.86656178185393,284.86656178185393
9.218751664581774,285.3047,285.25803620795347,285.25803620795347
9.222254256461596,285.3047,285.748104908353,285.748104908353
9.225750420984737,285.3047,286.3079015987166,286.3079015987166
9.229239815469192,285.3047,286.85797316505887,286.85797316505887
9.232722596234098,285.702244474752,287.39630599251984,287.39630599251984
9.23619828505068,286.1970316796178,288.0298988031136,288.0298988031136
9.239665116032157,286.69055791329106,288.86704893599415,288.86704893599415
9.243121819310776,287.4117432464718,289.72017336228595,289.72017336228595
9.246568114695766,288.4014860351249,290.61451255748904,290.61451255748904
9.250003887120874,289.3882067312138,291.4975585985762,291.4975585985762
9.25342984171918,290.332273421933,292.28239453859146,292.28239453859146
9.256846805239107,290.82720042741516,293.0335687119177,293.0335687119177
9.260256521121557,291.3210776553706,293.525980072035,293.525980072035
9.263661128245761,291.81421490983644,293.9135680720987,293.9135680720987
9.267061164999841,292.30862267606176,294.3156421079403,294.3156421079403
9.27045649222083,292.8032671642884,294.72949465546725,294.72949465546725
9.273847773977248,293.29732229348633,295.0181650303612,295.0181650303612
9.277237019704355,293.7918119104784,295.08364099327804,295.08364099327804
9.280625826307535,294.28836402220963,295.09462377280755,295.08364099327804
9.284015574822064,294.78505414950905,294.91969947910394,294.91969947910394
9.287407580349798,295.28207499047994,294.70206149351327,294.70206149351327
9.290803333847466,294.95225498926516,294.26915855232966,294.26915855232966
9.294204414842403,294.4539043461157,293.7795792616949,293.7795792616949
9.297612357196266,293.9545483277225,293.08562818869933,293.08562818869933
9.301028945773819,293.455138777573,292.2946732407836,292.2946732407836
9.304455157674195,292.9559948890135,291.441630656061,291.441630656061
9.307891762874295,292.4553368640868,290.52947071088676,290.52947071088676
9.311338627984494,291.9333366917481,289.70907482533204,289.70907482533204
9.3147942369344,290.93516871807014,289.06084326045794,289.06084326045794
9.318257601005925,289.934760643112,288.4131025994021,288.4131025994021
9.32172879812104,288.9320899587665,287.75774601348326,287.75774601348326
9.325207808013507,288.2764618073202,287.11916713635947,287.11916713635947
9.328693900828956,287.7773229779509,286.58951204215015,286.58951204215015
9.33218635395673,287.27727347895325,286.07432781169905,286.07432781169905
9.33568529010487,286.7773376163891,285.5285077275531,285.5285077275531
9.339190971294052,286.27828079965934,284.97456361778455,284.97456361778455
9.342703234369484,285.778287008053,284.4593296976138,284.4593296976138
9.346221754447118,285.2775598914611,283.9619063503846,283.9619063503846
9.349746005141231,284.77875244373604,283.5349336133341,283.5349336133341
9.353275246458896,284.27923864438844,283.15934951781287,283.15934951781287
9.35680910097296,283.77907191285135,282.7951402056081,282.7951402056081
9.360347424931053,283.2804786451675,282.44444598450724,282.44444598450724
9.363889613509713,282.7820185733192,282.178357058151,282.178357058151
9.367434179487795,282.28322395161285,282.06564126989656,282.06564126989656
9.370979595210478,282.0277,282.04310073112003,282.06564126989656
9.374523828456441,282.0277,282.25392499082375,282.25392499082375
9.378065223749589,282.0277,282.4953333921705,282.4953333921705
9.381603144154955,282.1322759367822,282.8086829079788,282.8086829079788
9.38513704258223,282.62956941081575,283.1387322078047,283.1387322078047
9.38866645103265,283.1262310511295,283.52873500152504,283.52873500152504
9.392190863905721,283.6221897091518,283.9419707864719,283.9419707864719
9.395709234952683,283.66147,284.50346167881276,284.50346167881276
9.399220366826643,283.66147,285.11407763867425,285.11407763867425
9.402722630639774,283.66147,285.9463434995719,285.9463434995719
9.40621411427696,284.2673286835243,286.87755985434535,286.87755985434535
9.409692275234509,285.25475191646774,288.1417366109346,288.1417366109346
9.413153747990954,286.23743749704636,289.65095056503066,289.65095056503066
9.41659714717465,287.3493788334431,291.17446461888557,291.17446461888557
9.420022441025079,288.8292237886749,292.721142801412,292.721142801412
9.423429610988533,290.30123860031017,294.2804256452467,294.2804256452467
9.426818502881863,291.76535665591655,295.8873610036062,295.8873610036062
9.43018894707999,293.24332480679686,297.5106749292645,297.5106749292645
9.433540367375931,294.71656702355494,299.2563484028707,299.2563484028707
9.436872306180547,296.1812454217138,300.99983591021805,300.99983591021805
9.440186671755669,297.64800755896204,302.43732398439033,302.43732398439033
9.443486004815034,299.12370176258037,303.7486302658473,303.7486302658473
9.44677215687619,300.59350049511204,304.8679912521771,304.8679912521771
9.450047355260669,302.05839997167595,305.7834135723745,305.7834135723745
9.45331298578682,303.1147227054548,306.6569874841599,306.6569874841599
9.456569956558214,304.1000082621299,307.41147048125146,307.41147048125146
9.459819205031234,305.0829577004956,308.11628583799654,308.11628583799654
9.46306311808322,305.92437922568956,308.42320322096253,308.42320322096253
9.466304345549876,306.4189051094006,308.6270466734164,308.549048648984
9.469544911811436,306.91333011064125,308.549048648984,308.549048648984
9.472787422130407,307.40805172380396,308.25714506742,308.25714506742
9.476033743436094,307.55339,307.8251201070699,307.8251201070699
9.47928638131942,307.55339,307.06136814701375,307.06136814701375
9.482547240570941,307.55339,306.2749135211862,306.2749135211862
9.485816755738066,307.4821753764604,305.4377239504722,305.4377239504722
9.489095313185985,306.9819539214998,304.58784787064707,304.58784787064707
9.492383231461488,306.48030425096886,303.7010701984143,303.7010701984143
9.495680880800741,305.9771698765878,302.79291342314895,302.79291342314895
9.498988426628047,305.1683786229719,301.8863864428476,301.8863864428476
9.502305898546087,304.16479050537873,300.98367052185125,300.98367052185125
9.50563374736889,303.15806320874344,300.0067563440362,300.0067563440362
9.50897393398695,302.14900738570805,298.76475964798425,298.76475964798425
9.512328208730025,301.14594344862826,297.4920367081538,297.4920367081538
9.51569697285262,300.1385466005081,296.20030715694185,296.20030715694185
9.519080496648272,299.12673601263805,294.9022726597117,294.9022726597117
9.522478292575194,297.7817878468386,293.7169831296087,293.7169831296087
9.525889487600644,296.2735842319562,292.58997818055377,292.58997818055377
9.529314303859293,294.75935821348867,291.3854406597339,291.3854406597339
9.532753819716781,293.38475339196475,290.09461027497383,290.09461027497383
9.536208198350707,292.38115970001036,288.8832514185325,288.8832514185325
9.539676039022458,291.3736549092232,287.84637772663143,287.84637772663143
9.543156174179359,290.36257822633934,286.84568848145057,286.84568848145057
9.546647729646303,289.35902337596235,285.96626683782426,285.96626683782426
9.550149866380343,288.35324349055554,285.1149320184411,285.1149320184411
9.553661738868282,287.34466759054794,284.3827683012655,284.3827683012655
9.557182457327057,286.34071601848336,283.6839629482921,283.6839629482921
9.560710863792977,285.3390284708862,283.14466910728896,283.14466910728896
9.56424564692993,284.3355306352646,282.66131730565075,282.66131730565075
9.567784742642306,283.49756633189304,282.45486757966603,282.45486757966603
9.571325655597192,282.99928576700904,282.37122934354494,282.45486757966603
9.574866077007231,282.501074372773,282.53332100028206,282.53332100028206
9.578403468401493,282.05211063482443,282.8552451743122,282.8552451743122
9.581936144736535,282.5492321349018,283.2880918886171,283.2880918886171
9.585462726102243,283.0454959452252,283.83390108519563,283.83390108519563
9.588981925700384,283.54072098634947,284.4778732838533,284.4778732838533
9.592492181262116,284.03684845093426,285.28234846173893,285.28234846173893
9.595992347428808,284.5322470771266,286.1203239096496,286.1203239096496
9.599481760825189,285.0261238019616,287.04340312172263,287.04340312172263
9.602959541308714,285.7357293024711,288.0377409140541,288.0377409140541
9.606423504840077,286.7248176938192,289.33847348955305,289.33847348955305
9.609871820054094,287.709437917737,290.65790917673945,290.65790917673945
9.613305205647535,288.6906087389807,291.8599765252792,291.8599765252792
9.616724671698945,289.67833667610466,293.02899725295265,293.02899725295265
9.620130842577034,290.66222424344005,294.14271754357037,294.14271754357037
9.623524297716004,291.64243881312586,295.22909184915267,295.22909184915267
9.626905308956172,292.95599370730406,296.31188780742275,296.31188780742275
9.630274007681397,294.4368313042937,297.3911328820742,297.3911328820742
9.63363031919403,295.91222363840143,298.5031867748241,298.5031867748241
9.636973723477736,297.2832469561663,299.6918645895187,299.6918645895187
9.640304489626462,298.2735459868127,300.772529687316,300.772529687316
9.643626390824126,299.26120930181514,301.29278604591514,301.29278604591514
9.646943072337347,300.24732070707296,301.71989255188356,301.71989255188356
9.650256255371708,300.8836841711302,301.9292931178438,301.9292931178438
9.653567589857069,301.38022462409685,302.05683332837583,301.9859365292548
9.656878613723844,301.87671849925823,301.9859365292548,301.9859365292548
9.660191462402722,302.2698,301.72421438603794,301.72421438603794
9.663507705959779,302.2698,301.368008270123,301.368008270123
9.666829162882596,302.2698,300.7779676888678,300.7779676888678
9.670157619690594,302.2698,300.10185366785413,300.10185366785413
9.673496177049483,301.55623646416734,298.96146398032585,298.96146398032585
9.676848108867436,300.5538731565466,297.71200038152506,297.71200038152506
9.68021724638823,299.546364647249,295.91716166555796,295.91716166555796
9.683608233296031,298.5353725762575,293.8886125619383,293.8886125619383
9.687025973576581,297.52506676528037,291.3047688888989,291.3047688888989
9.690477145875874,296.50487823647336,288.22482775445593,288.22482775445593
9.69396655091126,295.4733878671891,284.95741186912335,284.95741186912335
9.69749805493828,291.7263023875548,281.39592571682084,281.39592571682084
9.701075039816963,287.6168520380179,277.757869138802,277.757869138802
9.70469995826289,283.4523327906991,274.0042177669934,274.0042177669934
9.708373416260656,279.3582947612049,270.46492181800073,270.46492181800073
9.712089816939091,275.28148324281574,267.704344478401,267.704344478401
9.715843191088819,271.16411262257316,265.161674007321,265.161674007321
9.719628554563824,268.19062409501294,263.1964828532383,263.1964828532383
9.723439968823826,266.17145106400585,261.5482955048458,261.5482955048458
9.727269337403083,264.14276637282273,260.732294801058,260.732294801058
9.731109633928426,262.63360033844674,260.0616863333583,260.0616863333583
9.734958102930243,261.63172551933803,259.6258584210793,259.6258584210793
9.738812735592102,260.6282461099918,259.2306282848412,259.2306282848412
9.742672782690473,259.8731723649107,258.8979782881336,258.8979782881336
9.746537156303413,259.374508401457,258.65044167319274,258.65044167319274
9.750404141208808,258.875507473316,258.5483906976119,258.5483906976119
9.754272174193968,258.62054,258.510284483257,258.5483906976119
9.758140130569512,258.62054,258.55863339108834,258.55863339108834
9.762006066592832,258.62054,258.78059728958885,258.78059728958885
9.765867240101768,258.86278158512175,259.19697811609234,259.19697811609234
9.769720530198981,259.3600153168137,259.84078615052414,259.84078615052414
9.773562781414677,259.8558245764017,260.6887668369759,260.6887668369759
9.777390568865567,260.3511076400314,261.80868475304896,261.80868475304896
9.781200565547769,260.8456064859008,263.1294788119406,263.1294788119406
9.784991410030836,261.33761957097886,264.4608099210601,264.4608099210601
9.78876319697207,262.23736773203154,265.79519251467735,265.79519251467735
9.792517126644082,263.7160247863785,266.98248505964045,266.98248505964045
9.796255051040035,265.1883774300363,268.0760508054898,268.0760508054898
9.799977147953731,266.50698175647995,269.2580714774102,269.2580714774102
9.803682567013613,267.49416156575944,270.49477897365733,270.49477897365733
9.807371550769613,268.47696276093666,271.66246808767573,271.66246808767573
9.811045048279443,269.45754213327655,272.78010270563783,272.78010270563783
9.814704493057778,270.4438019007448,273.7526239696077,273.7526239696077
9.818351747371079,271.42677620663653,274.6064090443757,274.6064090443757
9.821988855305653,272.4070159542198,275.28186859461533,275.28186859461533
9.825618237816792,273.3963798811815,275.77650159756416,275.77650159756416
9.829242752135272,274.38457670576645,276.02167578624386,275.93985970964553
9.832866193109552,275.37248089105196,275.93985970964553,275.93985970964553
9.836491687580656,275.58618,275.7091266078858,275.7091266078858
9.840121857349343,275.58618,275.2297114799964,275.2297114799964
9.843759057883107,275.58618,274.64436003154896,274.64436003154896
9.84740544854542,275.29286521462495,273.84438943852405,273.84438943852405
9.851062781411617,274.79285331409096,273.00349188105037,273.00349188105037
9.854731959957347,274.2912219326531,272.0792087067772,272.0792087067772
9.858414083502115,273.5803616542912,271.08742969523695,271.08742969523695
9.862110944741469,272.57824478526163,269.91459070673307,269.91459070673307
9.86582387093631,271.5717731509726,268.7466424134107,268.7466424134107
9.869552520717164,270.56437878974157,267.6428248752671,267.6428248752671
9.87329653244377,269.56113843819367,266.54578911031854,266.54578911031854
9.87705587376541,268.5537903889581,265.4644995825808,265.4644995825808
9.880830703011165,267.5445723822463,264.36308012132827,264.36308012132827
9.884621728553732,266.54040449163176,263.2012103564401,263.2012103564401
9.888429465683434,265.5318100312111,262.04766539291455,262.04766539291455
9.892253653422443,264.44868386897815,260.9415503226529,260.9415503226529
9.896094113399128,262.9446525664807,259.8317671329052,259.8317671329052
9.899951094085793,261.43415129291225,258.7109755052217,258.7109755052217
9.903825305403995,259.98610163578223,257.5258469936666,257.5258469936666
9.907718383441217,258.98425941505957,256.2098410566361,256.2098410566361
9.911630102364523,257.9776201605937,255.07684907591766,255.07684907591766
9.915556819392627,256.9690026905787,254.25580280930316,254.25580280930316
9.91949639721099,255.9668331363555,253.4142036271879,253.4142036271879
9.92344930585876,254.961272418921,252.5438380661431,252.5438380661431
9.927414717386599,253.95511748762692,251.81847658013888,251.81847658013888
9.93139058061043,252.95534027780104,251.2176543311408,251.2176543311408
9.935372823506846,251.95395882484672,251.01196538000627,251.03213643400235
9.9393565372802,251.25812,251.03213643400235,251.03213643400235
9.943337844438501,251.25812,251.31559944640696,251.31559944640696
9.947313848290925,251.25812,251.70231913164142,251.70231913164142
9.951283049696194,251.45031504683925,252.17782624249773,252.17782624249773
9.955244410202937,251.94694204466646,252.69976165326756,252.69976165326756
9.959196455183863,252.442401175643,253.3682358788186,253.3682358788186
9.963137640260271,252.9377895658074,254.09438167943753,254.09438167943753
9.96706650587786,253.43319549353077,254.959878782824,254.959878782824
9.970981384243046,253.92683771426437,255.9134566272231,255.9134566272231
9.974880063118363,254.66348143104233,257.0835016094552,257.0835016094552
9.978760621679406,255.65063737072978,258.3091355402745,258.3091355402745
9.982622072874278,256.6329326828268,259.63424638086764,259.63424638086764
9.986464834929443,257.86067463641893,260.8274641026861,260.8274641026861
9.990291831986802,259.3422169416813,261.77722454338516,261.77722454338516
9.994104474848825,260.818202318801,262.79525837232745,262.79525837232745
9.99790151637444,262.0737101453333,263.93306920173654,263.93306920173654
10.001682346744726,263.06367547486343,265.05362913506804,265.05362913506804
10.005447406275453,264.0495113981915,266.1487286710339,266.1487286710339
10.009197472484193,265.0356728967904,267.1771716801012,267.1771716801012
10.012933780026973,266.02534706853976,268.1123035279363,268.1123035279363
10.016656409814019,267.0113982725802,269.1442848661117,269.1442848661117
10.02036379652171,267.9963480343704,270.32183697554586,270.32183697554586
10.024055945793283,268.9856913921535,271.370099791014,271.370099791014
10.02773525552104,269.971594283028,272.21142473914074,272.21142473914074
10.031404153035371,270.90368624781127,272.9123621531119,272.9123621531119
10.035065323862382,271.39847409128265,273.3613424968943,273.3613424968943
10.03872140956553,271.892574707201,273.6719623106816,273.6719623106816
10.042375280347597,272.3863759882677,273.6927701002733,273.6719623106816
10.046030352354856,272.88300189993515,273.4921457891205,273.4921457891205
10.04969182218804,273.38069688470205,272.73762183881047,272.73762183881047
10.053364288579392,273.8798866057632,271.8569413532368,271.8569413532368
10.057050681964576,273.23702183076557,270.68130190803424,270.68130190803424
10.060753918842178,272.23317670248434,269.3898580794765,269.3898580794765
10.064477149023269,271.22391194241345,267.78291951420755,267.78291951420755
10.068222818084552,269.9007890659186,266.17194217394916,266.17194217394916
10.071990496822693,268.3907741730609,264.66316773940594,264.66316773940594
10.075779808193555,266.87208932720205,263.14160353808546,263.14160353808546
10.07959150619558,265.359108705582,261.5636816787695,261.5636816787695
10.083425739633633,263.84882033671374,260.05731814140245,260.05731814140245
10.087280413367338,262.3304806216556,258.7964033191188,258.7964033191188
10.091153917620556,261.08618714321256,257.53501280684685,257.53501280684685
10.095046700476843,260.07861356296917,256.2395258533795,256.2395258533795
10.098958333815212,259.0661608902046,255.05856798762508,255.05856798762508
10.10288635708698,257.77620458056845,254.10517010612332,254.10517010612332
10.106829736178522,256.267140314008,253.07615494419136,253.07615494419136
10.11079005931742,254.7515918480335,251.93571636338578,251.93571636338578
10.11476700910096,253.5547171524563,250.96413748693806,250.96413748693806
10.118758095625473,252.55111186600334,250.15384552425547,250.15384552425547
10.122759903273268,251.5448106279755,249.62086895176583,249.62086895176583
10.1267688476539,250.90052715914385,249.26383347083055,249.26383347083055
10.130781797647678,250.40032555849803,249.12268106998775,249.12268106998775
10.134796114841832,249.89995354062376,249.09405414851403,249.12268106998775
10.138808677687662,249.81097,249.34062869527435,249.34062869527435
10.142816326450918,249.81097,249.70536722231958,249.70536722231958
10.146815931453023,249.81097,250.34483013433547,250.34483013433547
10.150804392290386,250.2702179158514,251.1028842161774,251.1028842161774
10.15477871616612,250.76560489231724,252.12946057573882,252.12946057573882
10.158736129748164,251.25966139671573,253.2536272325764,253.2536272325764
10.162674629615093,252.25004315438218,254.5572775933078,254.5572775933078
10.166591790144079,253.2350588864715,256.02083598462366,256.02083598462366
10.170484669690302,254.2329526357048,257.74345103402925,257.74345103402925
10.174351685588938,255.71279400408048,259.4568924594429,259.4568924594429
10.178193348834334,257.1829333422488,261.156494997918,261.156494997918
10.182010449939483,258.6520144246915,262.8065280582259,262.8065280582259
10.185804033706766,260.62721684206645,264.40428147292624,264.40428147292624
10.189575176020181,262.5907346844715,265.9434698823366,265.9434698823366
10.193324957165778,264.5431304236363,267.4251070463532,267.4251070463532
10.19705464033802,265.59117129594324,268.8170840657701,268.8170840657701
10.200765665015542,266.5741485353742,270.1207773155025,270.1207773155025
10.204458505914921,267.55230925063915,271.47104484180994,271.47104484180994
10.208132685580644,268.93503850973093,272.87175406433596,272.87175406433596
10.211787824822094,270.4084374162053,274.3067866371071,274.3067866371071
10.215423595798153,271.8740289098391,275.7868500546553,275.7868500546553
10.21904002732631,273.34774796927195,277.2483594648672,277.2483594648672
10.222637605247655,274.823290990219,278.68493754517095,278.68493754517095
10.22621803391079,276.2918002598981,279.91008249560235,279.91008249560235
10.229785636131073,277.5697910029039,280.69162240215894,280.69162240215894
10.233344310083892,278.55699658314325,281.31616374331014,281.31616374331014
10.2368978019291,279.54276460388246,281.51057844690735,281.51057844690735
10.240449882368011,280.40334,281.5397352376982,281.51057844690735
10.244005475263158,280.40334,280.9549655114605,280.9549655114605
10.247569182520724,280.40334,280.25922219280193,280.25922219280193
10.251143284132237,280.40334,279.3235232043747,279.3235232043747
10.254729829770403,279.9693558245049,278.31792503587866,278.31792503587866
10.258330857425706,279.4684345778562,277.08183800757706,277.08183800757706
10.261948526283401,278.96519845538705,275.76350293395393,275.76350293395393
10.265585258788551,277.81260268781534,274.1852406733944,274.1852406733944
10.26924368772383,276.30341094561754,272.50269019532533,272.50269019532533
10.27292581556027,274.78444282493456,270.6677033330094,270.6677033330094
10.276633513789978,273.26770622727327,268.7572881148122,268.7572881148122
10.280368385692798,271.75344568217133,266.7438817907415,266.7438817907415
10.284132014162518,270.2275261201594,264.6663212361317,264.6663212361317
10.28792699163272,268.5040164043103,262.3561565809356,262.3561565809356
10.291756437951708,266.4752905289479,259.92388344897137,259.92388344897137
10.295622593436388,264.42711723792854,257.3982161703927,257.3982161703927
10.299526905375119,262.1882063829753,254.86842864360858,254.86842864360858
10.30346527673381,259.6470511329735,252.96284957914258,252.96284957914258
10.307432162544723,257.08749750370134,251.21702256669357,251.21702256669357
10.31142856222342,254.76056049644376,249.24122344878805,249.24122344878805
10.31545583149512,252.73511114987923,247.38017230144575,247.38017230144575
10.319506792622175,250.69774637136652,246.33204835545502,246.33204835545502
10.32357288548737,248.9597156195009,245.5419022305388,245.5419022305388
10.327648507563017,247.45317473234718,245.18099716217458,245.18099716217458
10.331729183136801,245.94476583549522,244.93405157715435,244.93405157715435
10.335812790245654,245.51937,244.82905212324277,244.8689325512096
10.339896940223511,245.51937,244.8689325512096,244.8689325512096
10.343979370094178,245.51937,245.03543675445962,245.03543675445962
10.348057865855896,245.51937,245.34162787857966,245.34162787857966
10.352130339823274,245.51937,245.76070264156482,245.76070264156482
10.356191648567727,245.53059738371303,246.69315803832578,246.69315803832578
10.360235923988768,246.026040281718,247.83564288243275,247.83564288243275
10.364258371491115,246.51880915627748,249.3788677931496,249.3788677931496
10.368255626042105,247.14450774693887,250.96960641555293,250.96960641555293
10.37222790669361,248.62135789885997,252.52429157004022,252.52429157004022
10.376175105059126,250.08888273338198,254.1695458131278,254.1695458131278
10.380095013420085,251.65015796852367,256.053419035362,256.053419035362
10.38398464129624,253.6177133312549,258.1430787574309,258.1430787574309
10.387840223341517,255.568046723336,260.59695371307316,260.59695371307316
10.391661380932753,257.5096140493524,262.8140382570309,262.8140382570309
10.39545298640096,259.4724148766345,264.67355814508824,264.67355814508824
10.399218179722958,261.4215429252308,266.51404355801054,266.51404355801054
10.402957572178911,263.3623672240119,268.3384207270693,268.3384207270693
10.406672146072946,265.33023713183957,270.0870222319538,270.0870222319538
10.410363448567963,267.2857785500073,271.7321434986848,271.7321434986848
10.41403240771703,269.22948313321376,273.38660597873445,273.38660597873445
10.417679079392606,270.7226043559099,275.0638393692377,275.0638393692377
10.421303469650017,272.1920713977938,276.7583200947638,276.7583200947638
10.424905455153095,273.65245469158845,278.49644042032537,278.49644042032537
10.42848680871467,275.1237955319666,279.9554457030329,279.9554457030329
10.432054169459754,276.59541941018415,280.68406371124956,280.68406371124956
10.435613942658016,278.06391323908065,281.1498687774801,280.76408577710384
10.439173208140739,279.0391654159671,280.76408577710384,280.76408577710384
10.442738389120933,279.53510020794147,280.2177852132459,280.2177852132459
10.446313305538382,280.03238924871175,279.23757152307087,279.23757152307087
10.449901387000121,280.1477396274622,278.165436366082,278.165436366082
10.453504454811275,279.1482188238392,276.9198895016571,276.9198895016571
10.45712420668075,278.1440697244825,275.6072889971716,275.6072889971716
10.460763164555134,277.111606729236,274.00528175191437,274.00528175191437
10.464424030449678,275.61010620877005,272.31876215556343,272.31876215556343
10.46810667628339,274.0996726678268,270.7734284714162,270.7734284714162
10.47181011922336,272.5807092143532,269.26878573009924,269.26878573009924
10.47553499601933,271.07645190177846,267.66650626918135,267.66650626918135
10.479282726100605,269.5657293167433,265.99509031896986,265.99509031896986
10.48305781059658,268.0439800752529,263.80344220262435,263.80344220262435
10.486865977655889,266.53006061623,261.39464935053394,261.39464935053394
10.490708983189485,265.0075485479747,259.0419865579389,259.0419865579389
10.494586587607412,263.4713291825319,256.750564026322,256.750564026322
10.498494008662329,261.15770747023726,255.10130361968052,255.10130361968052
10.502425574127896,258.6209435864803,253.60630685109055,253.60630685109055
10.506382402816453,256.06787911400716,251.85505261558473,251.85505261558473
10.510367079026093,254.3876569814397,250.07410663486428,250.07410663486428
10.5143788556847,252.870054739863,248.46333675172633,248.46333675172633
10.518414576553058,251.3433947192816,247.11474600665514,247.11474600665514
10.522466091583425,249.83562133185978,246.52844826856904,246.52844826856904
10.52652473861826,248.32666111080425,246.24676385321303,246.433057084334
10.530584170730068,246.94165,246.433057084334,246.433057084334
10.534638292621455,246.94165,246.89244912997435,246.89244912997435
10.538682550526222,246.94165,247.63697513342075,247.63697513342075
10.542712613432954,247.15236669039177,248.6352017981498,248.6352017981498
10.546725590867151,248.1441424364284,249.75036005139248,248.6352017981498
