0.19227893708788046,115.08186069451666
0.2009274593054481,116.17670319426351
0.20950624298063084,116.95920594301376
0.2180287455353277,117.71608945188925
0.22648840894030364,118.70406478067432
0.23486327220432596,120.11412985283087
0.24311639909004656,122.23685736041652
0.2512069814075686,124.99490577752671
0.25910420340087736,128.30188191934408
0.2667915274954511,131.91689334928935
0.2742667772813803,135.68577504100884
0.28153052030556813,139.71326072438833
0.28858502462088065,143.85401194837956
0.29545798326934214,147.17948064276274
0.3021943980047126,149.73637230408184
0.30881890069409984,152.1930725687344
0.3153408507631804,154.4807407355624
0.32176540791020314,156.8426826975724
0.3280789252126306,159.96879579392942
0.3342684581304559,163.18946142677842
0.3403497294969243,165.70842869663832
0.3463493647080449,167.6565564418754
0.35228341749215347,169.3901441210889
0.35817420335785144,170.1247199409377
0.36404203060197393,170.71797632349973
0.36989104645372584,171.22062882794427
0.3757245174699899,171.6289080312096
0.3815446897450798,172.003941252866
0.3873568965445455,172.09946441184087
0.3931669641647394,172.13061122838718
0.3989769266522233,172.10569232586278
0.40478947482236044,171.97752538754384
0.41060634083615005,171.8502796857399
0.4164263294304028,171.79301499575095
0.4222477785587102,171.76405647027096
0.42806955740926134,171.7735551206706
0.43388897104912694,171.90373106471048
0.4397038064875848,172.04415095508256
0.44551064964920095,172.37739041959486
0.45130405664590595,172.84324453912578
0.45708202694824596,173.29966945633882
0.4628456085361503,173.70726171006194
0.4685958249263526,174.1061935356572
0.4743353685074968,174.35374602481906
0.480070376309672,174.38161437233262
0.48580470408369825,174.3951004937574
0.49154217561289104,174.19062720447928
0.49728770231597264,173.90649875642129
0.5030424472917536,173.63300941226802
0.5088056852027891,173.3943000968897
0.5145768107429805,173.15870942594907
0.520352817704688,173.1012705730131
0.5261284927732024,173.17861464414963
0.5319013593317281,173.26974304778517
0.537669671216163,173.45224324151513
0.5434316425840837,173.65129650695596
0.5491873243654386,173.83152377443434
0.5549375370011491,173.98176590495365
0.5606827700652319,174.13298507019786
0.5664225253881872,174.31401786194112
0.5721561338599832,174.5065580791957
0.5778839330834342,174.66776669776763
0.583608221873539,174.72062356496707
0.589330932460636,174.76411806893856
0.595054771261725,174.6517680652208
0.600784604150037,174.3987348027985
0.6065230989021275,174.12493224911708
0.6122736204004899,173.6702058875884
0.6180399457978962,173.17184537653273
0.6238220006505271,172.72651879179824
0.6296171585304703,172.38951575092204
0.6354233871849995,172.06845456595167
0.6412342184431406,172.1163874886957
0.6470406313048591,172.33048881075376
0.6528388514078368,172.60316571142545
0.6586243966531798,173.0866227110399
0.664393514133965,173.58757535487482
0.6701468413185043,174.03794511476949
0.6758860082378458,174.44516386501053
0.6816121678994058,174.8294878644373
0.6873287142123823,175.03222269922023
0.6930393004981497,175.19458936080656
0.6987461180121224,175.263450048715
0.7044538436846173,175.13885861398634
0.7101657835102005,175.00493730220114
0.7158844600414327,174.72655324282695
0.7216135305367957,174.37057886569247
0.7273534836361743,174.06459259806059
0.7330994686600603,174.00454632365916
0.7388468963261041,173.97721674443136
0.7445932701743081,174.06838384772837
0.7503342188702082,174.30625567363813
0.7560675590552163,174.53068113284817
0.7617964712533851,174.57573979582926
0.7675248195266251,174.5650432847395
0.7732545129169692,174.49378885295008
0.7789893223927726,174.25379475327918
0.7847322158241599,174.00289188089366
0.7904846721873707,173.67497871793987
0.7962488919805665,173.2934731683688
0.802025499891692,172.93085513238407
0.8078122377360064,172.687185278775
0.8136068133846328,172.4633421247177
0.819407118024446,172.34617308781736
0.8252088186812019,172.3803369423751
0.8310092666762432,172.42062136464804
0.836807191062387,172.53044552168961
0.8426010542098621,172.6624320946697
0.8483908392549462,172.77357139333807
0.854177800629512,172.83095673276202
0.8599628534248164,172.88759147058482
0.8657439045427615,173.0703523955083
0.8715176096435799,173.32785643094905
0.8772822323997974,173.61616153003132
0.8830346772155857,174.06267115653364
0.8887720386971594,174.53024995750638
0.8944968618741662,174.8257684275092
0.900215679837832,174.89686575418494
0.9059323909629431,174.95465040454843
0.9116502724287726,174.82529615084837
0.9173734251800962,174.6325455950562
0.9231027768533511,174.4471894170202
0.9288378407749256,174.2848318562944
0.9345782180701571,174.1243965308929
0.9403221652377829,174.06823018982772
0.946066653991644,174.0915616867596
0.9518104127342442,174.1124797511735
0.957553762807227,174.11633702486338
0.9632970404820196,174.1168693866542
0.9690412443439241,174.0601976304433
0.9747889721006835,173.90346564775916
0.9805419818519262,173.74072839002474
0.98630197706048,173.48197549320568
0.9920712540205231,173.1821749133215
0.9978501430593525,172.9053284709099
1.0036368950888748,172.71180128987598
1.0094300061502537,172.5259403079162
1.0152260250310654,172.53849853822797
1.0210188740327584,172.71485110581816
1.0268055990292426,172.90388825540904
1.0325844835081175,173.18389329848796
1.0383537441155208,173.48123547162973
1.044112000951424,173.846483437134
1.0498562976809334,174.32560472498466
1.0555848596989539,174.80280309380728
1.0612987180586428,175.22388088437336
1.0669992472589636,175.62118884923083
1.0726876124545934,175.97403147084498
1.0783673381760783,176.15574215807402
1.0840414883208451,176.3200266263235
1.0897117945734234,176.3946241125374
1.0953813152603615,176.36888467147782
1.1010518479773237,176.33166783326118
1.1067260700956854,176.13965806701233
1.1124072754390797,175.89847782634567
1.1180965100890985,175.64284198760515
1.123794737209884,175.34377361837937
1.1295027406549525,175.0416992969738
1.1352177821925857,174.91206066945958
1.1409347826122873,174.92174284745113
1.146651170747737,174.94953342501242
1.1523642903691642,175.12198929760106
1.1580712801539357,175.32557595019642
1.1637726594277171,175.46678990796005
1.1694715067032164,175.48137675964463
1.175169988081451,175.48932372635775
1.1808702927714199,175.36915549299601
1.1865756215340473,175.18042069330258
1.1922873907497422,174.97390455496753
1.198007370900911,174.67790898587208
1.2037372650968647,174.36894922732708
1.209480344527813,173.87697278202566
1.2152437835638372,173.139629138752
1.221032208898242,172.37915584343506
1.2268506134465413,171.3607028459512
1.2327051965053228,170.25558480170028
1.238598823583939,169.09796553730618
1.2445349595693325,167.82633922829473
1.2505160567766607,166.56522432034677
1.2565325955673752,165.85333757650398
1.2625708323922067,165.36988517467216
1.268624216573207,165.02417703938087
1.2746842894999646,165.00485578363543
1.2807444432895605,165.01977288498938
1.2867975719042017,165.38828801469197
1.2928349210940575,165.88366752006735
1.298849944847785,166.6187225134728
1.304829767883339,167.84382295577433
1.3107658176989276,169.0851465769743
1.316655493902052,170.49797322535593
1.3224956540876671,171.96466849535423
1.3282851399463609,173.49593793597876
1.3340205368912506,175.22432531230214
1.3396997302435516,176.9467878159438
1.345326709092567,178.490432894798
1.3509072447702875,179.90367379580246
1.3564454094301397,181.23167849936573
1.3619540070147507,181.8381500300335
1.3674469738116164,182.2643129670534
1.3729307468384855,182.44817576949788
1.3784210158193937,181.83373773127468
1.3839308614230805,181.1541125568058
1.3894675184456546,180.0778987999654
1.3950453439203718,178.4917881563913
1.4006732206612167,176.88924833738506
1.4063526936114554,175.26360787622855
1.4120854020965838,173.61937268960162
1.4178725356315363,171.98261619187005
1.4237138667215636,170.41229994000904
1.429609370084127,168.83661958626027
1.4355551291910218,167.54256488470492
1.4415433555024317,166.44972413267814
1.447569562851123,165.43706705142594
1.4536259392517263,164.79464850974713
1.4597051265294136,164.19777951541707
1.4657984378600308,164.03106149933902
1.4718927563202509,164.1434912077719
1.4779793584217207,164.44735092911728
1.4840428556377399,165.39804082603655
1.490070667324991,166.40035551750475
1.4960592624266664,167.57189960899217
1.5020046409326917,168.8285342343697
1.5079060729359064,170.07685926830754
1.513764444328888,171.31947127752696
1.5195806333137178,172.55273266890762
1.5253578185017145,173.6400348524415
1.53110073748825,174.6176657380044
1.5368119219442802,175.57500661209468
1.542493816466426,176.42230355409518
1.5481488769330158,177.24514846842686
1.5537809240277327,177.86660603578304
1.559399571620934,178.09107989959318
1.5650114127595485,178.298316531844
1.5706228729730651,178.11524634895264
1.576243814377076,177.6975281889462
1.5818781644342572,177.26851069933758
1.5875272989849218,176.76872592718033
1.5931926608044007,176.25448909200497
1.5988757008419219,175.67079886519403
1.6045798092245955,174.95513564592034
1.610307546773224,174.22440373383992
1.6160644319107744,173.18877625987295
1.6218584460621346,171.9991542552039
1.6276913979739982,170.88403488323365
1.6335569951178166,170.0890702275932
1.6394495292588003,169.32519236152982
1.645362504627688,168.9144964366069
1.6512849440013864,168.78424074847686
1.6572107849508209,168.72061099378016
1.6631325948467603,169.01422797588316
1.669043213101889,169.36020335004227
1.6749408524164995,169.75900337108914
1.6808237167762212,170.21204291943326
1.6866908663416695,170.66960346745114
1.6925415773153873,171.16992566736238
1.6983750801678426,171.67800685392262
1.7041870014004439,172.44398468412905
1.7099662552436121,173.625484850884
1.7157060820708723,174.8211862972375
1.7214017583414614,176.32883934997108
1.7270471953286186,177.94696391862644
1.73264399174796,179.4062795365682
1.738204443796785,180.27882377184204
1.74373902191296,181.08747610499435
1.7492515800553046,181.7215969323876
1.7547486969581017,182.1058905862249
1.7602343068136106,182.48477710617507
1.7657102487737826,182.7493806477459
1.7711791831998047,182.95268529760608
1.7766418674018207,183.16781821106477
1.7820966809548722,183.48109483765467
1.7875418759824295,183.81551214117837
1.7929737830274706,184.38016704084032
1.7983784237378833,185.67672646139985
1.8037448047173088,187.0187531334233
1.8090699911070969,188.56129052880823
1.8143474793404613,190.4159448655867
1.8195740033927719,192.25640940387498
1.8247503775106733,194.12344927806257
1.8298769161232589,196.01247705672677
1.8349544908735549,197.88526149095946
1.8399810665625136,200.0112835844474
1.8449523906790364,202.3091441600793
1.8498678814391296,204.58050792300074
1.8547322439512781,206.58281038436064
1.8595521735108234,208.36869922143367
1.8643311389825694,210.13940997213777
1.869071630986182,211.7639816608538
1.8737779152807372,213.2046047302804
1.878452618535506,214.6348197027716
1.883099924343608,215.7248149666975
1.887733166671161,215.93844554539302
1.8923623225849697,216.10582719538647
1.8969887455116776,216.19362189809652
1.9016186423403434,215.78183919820304
1.9062583323553737,215.28202118888635
1.910908994934756,214.7648502667518
1.9155745917199685,213.90657367761546
1.9202604851563911,212.90870905066632
1.9249684428988048,211.90630525943612
1.9296982350666392,210.94742982382195
1.9344491921496139,210.02241304857228
1.9392211673996969,209.0933040121454
1.944010804453188,208.47578350870216
1.9488095666315801,208.2984361321196
1.9536123829963725,208.12397087889266
1.9584185052243663,208.01195950919083
1.9632256549683973,208.0349940133302
1.9680322193032733,208.0626319587013
1.9728375148412542,208.14487542250313
1.97763886310411,208.40494978128058
1.9824340694229645,208.67843034672313
1.9872222937588417,209.01321159044457
1.9919992334491348,209.66589891628848
1.996760836484441,210.36186824960137
2.001506543812072,211.072820776562
2.0062344316435423,211.95088202956595
2.0109423379792837,212.86838719326195
2.015630071720355,213.7789482438901
2.0202990123954216,214.58526226831606
2.024951001803627,215.33965425883474
2.029586750654685,216.0914125919672
2.0342076758709893,216.7232660349709
2.0388165676078014,217.22110639835566
2.0434149216942723,217.71769334027422
2.048003272472969,218.16923918598545
2.052583433213769,218.49690406094496
2.0571568120921637,218.81675900902596
2.061723461535202,219.1413377224812
2.06628292420832,219.50714660936262
2.0708347073304765,219.88141770769056
2.0753787710224216,220.2535727959984
2.07991621336041,220.52354376159147
2.084448742044827,220.73134568540945
2.088977007702794,220.938952163115
2.0935022409011346,221.02723878153375
2.098027993772584,220.8882291431779
2.102556653197614,220.74361523831857
2.1070889410293554,220.53472418332697
2.1116293411340754,219.9558510715271
2.116182337193533,219.31627079369875
2.1207487182526465,218.6682845463808
2.1253306270068935,217.83262317021635
2.129931084299547,216.90873086713464
2.134551220953834,215.98088643289591
2.139191324270142,215.04602656322277
2.1438517259953325,214.10359683068444
2.1485327329780146,213.15699569519685
2.153234288709718,212.2361054141573
2.157955523053052,211.38364178558555
2.1626958383017865,210.5309491294276
2.167454534748816,209.75365259651724
2.172227041616599,209.31378070807375
2.1770091504709757,208.91213289849873
2.181799909573567,208.55854177687016
2.1865946505401532,208.56513903048764
2.1913884010918325,208.64473687721156
2.1961802309394978,208.7323720253959
2.2009687575287384,208.93273288389076
2.2057522819970887,209.16916097436356
2.210530349697689,209.41022899857347
2.21530077822949,209.8397578613209
2.2200603695203283,210.365046118041
2.2248081039865477,210.88915630913226
2.2295422615513556,211.57359915490235
2.2342595554744635,212.39989695174583
2.2389585684476754,213.222992593102
2.2436398368513113,214.01310408159964
2.248304462205991,214.7471305903791
2.252953208690574,215.47761331495954
2.2575869500157157,216.140073362928
2.2622092217649694,216.54798263791898
2.266823068623387,216.93011397527252
2.271428855741598,217.30652168443498
2.2760272579384138,217.62739730957628
2.2806190480599726,217.93279387944403
2.28520442366774,218.23670280993326
2.28978475135877,218.41334981381078
2.2943622918943296,218.5025153238705
2.2989379652095216,218.59164446249363
2.3035124442666053,218.6166106337273
2.3080876865814646,218.51872835862005
2.3126650108915023,218.41778111432095
2.3172448924837417,218.27477833076807
2.321830008002686,217.91953744249278
2.3264229213502863,217.53426154492053
2.3310239613750428,217.15040732183942
2.3356327456133714,216.80379242715512
2.3402487600038104,216.4706762042989
2.344871888944496,216.13702635429453
2.349502402308481,215.78082012984197
2.3541407825162235,215.40451477513616
2.358787280055791,215.02755087260562
2.36344244800294,214.6029106954611
2.368107901051658,214.08063787242722
2.3727847958998014,213.55417031362842
2.377473098317636,213.0400905060118
2.3821720999450404,212.5827264273143
2.3868811608393194,212.13088602020483
2.391600126355176,211.6912726911087
2.396327587038284,211.36907494543456
2.4010619495511394,211.07448892000724
2.405802808540379,210.790180101553
2.4105471952589532,210.76061844641526
2.4152910294312218,210.8392935696526
2.420033075588899,210.9195856110279
2.4247697255529443,211.3201439578237
2.4294947517570717,211.95889579950364
2.434205581378634,212.59572847861386
2.4389009322519275,213.3588964511218
2.443577491997165,214.30801244764683
2.4482334129580234,215.25463031556743
2.4528686928054455,216.22094334821315
2.457482563360539,217.25706667155833
2.462074477921209,218.2935735185326
2.466644901757169,219.3049413948098
2.4711961557562736,220.13595835944207
2.4757307098074857,220.9231509372136
2.480249183583292,221.70556585154122
2.484754009953832,222.2634116555645
2.489249078036661,222.66903995708003
2.493735972462262,223.07393067983975
2.4982158002169257,223.37200453646142
2.502692146094242,223.42100004022814
2.507167613696948,223.45968205347526
2.5116426347316274,223.46559155985574
2.516120425673618,223.1833976981405
2.520604564269246,222.83342108819758
2.525095764871594,222.48207960638624
2.5295961285296027,221.92714385076266
2.534109378101519,221.2136912138012
2.5386372310153464,220.49793008659302
2.543180453725001,219.71959390248455
2.547741365467952,218.7911858922949
2.552321784322131,217.8521242940188
2.5569219510153594,216.91674189505966
2.5615414866179034,216.0290302313781
2.5661799804828282,215.14721435860653
2.5708375280578073,214.26513344267505
2.575513466406864,213.45802545389583
2.580206786989434,212.6809130572547
2.5849173133633583,211.9015180048495
2.589642442133611,211.36804232004783
2.594377224851182,211.0380826638776
2.5991194220575817,210.70760630349986
2.6038660716088557,210.64223773557538
2.608609599621573,210.9851496374561
2.6133453799388464,211.33202203423988
2.6180725412397043,211.75529707505262
2.6227879517623807,212.38686933421758
2.6274892517743664,213.0283439704304
2.632176310072559,213.67952490495793
2.6368484512107977,214.39091740119375
2.6415050409193546,215.10914982508
2.6461460571131274,215.83216696514015
2.65077042355305,216.66109951881697
2.6553767792598504,217.52332185094292
2.659964948930823,218.38204019534004
2.6645356643492466,219.18770483520865
2.6690900689547146,219.94895151567388
2.6736287647833166,220.70757255015212
2.6781531780225096,221.3396019241131
2.682667828808367,221.6627828176659
2.687176052337738,221.97115709808062
2.6916784346638334,222.23828101305207
2.696178902802089,222.15994617198044
2.7006817524826463,222.00328171811364
2.7051877854964967,221.84616289805584
2.7096975266592285,221.63836690418
2.7142118684157577,221.39424230783567
2.7187311935016423,221.1498482251845
2.723255301116939,220.92639775338682
2.727783488978183,220.7514599321522
2.732315248282405,220.57831369016642
2.7368505198904067,220.4096723341413
2.7413889229634973,220.27401250397307
2.74593005576046,220.14476881226105
2.750473829519758,220.01802796587344
2.7550188263061797,220.02628772640406
2.759562864496878,220.11087440449495
2.764105157123981,220.19542858908255
2.7686437069299035,220.47414331969816
2.773173116284608,221.08537929586953
2.7776899794688767,221.70063833075747
2.782193634342616,222.38417597822828
2.7866798104486836,223.4322624733522
2.791144514425676,224.52845040021043
2.795587503289517,225.6216301822376
2.800008094147657,226.80969758101398
2.8044051359454247,228.04491636950462
2.8087784881849496,229.2734802775609
2.8131271924883277,230.63766965045832
2.8174471163145927,232.3397140219493
2.8217354792878027,234.044952996303
2.825992778110799,235.74262858532552
2.8302187287091307,237.53042397107822
2.8344127466282525,239.34617370830733
2.8385751843772313,241.14825118984427
2.842706094188813,243.01378202299986
2.846803422690605,245.11822225798943
2.850865706769992,247.22464952647115
2.8548936677223087,249.31327913003548
2.858887868727937,251.4215239251891
2.8628485219786444,253.55469170077043
2.8667761282246547,255.67011088764497
2.870671572235841,257.75867670934855
2.8745397589684556,259.28394382702504
2.8783876628990868,260.4823153276818
2.8822179447287875,261.67519869150436
2.88603097978078,262.84395808710224
2.889830449657662,263.5462027336075
2.8936212480080132,264.0476235920838
2.8974048613178365,264.54809406261023
2.9011815952983913,265.0103907298798
2.904956743276381,264.7702754864128
2.9087372250945256,264.26330617360276
2.9125249734637357,263.75536240347645
2.916320158024238,263.228757930507
2.9201248558182225,262.4383594055214
2.9239416877358786,261.55789975274126
2.927771411540196,260.6744662236406
2.9316140892180274,259.79741481218366
2.935469100533653,259.00900493627796
2.9393357083697476,258.2413834025133
2.943213844102859,257.4714732833638
2.9471032365266208,256.748675683438
2.9510014874034236,256.30232513251104
2.9549062066285527,255.89871329340568
2.9588170942569043,255.49446385645868
2.962733481505025,255.18045908935596
2.9666525012501666,255.1512403197511
2.9705718106705046,255.14273906777427
2.9744912506849843,255.13423753251683
2.978410036338916,255.22796241161598
2.9823260207795244,255.49944098591882
2.986237824238857,255.77383663811725
2.990145435454787,256.04795502980915
2.9940482593503113,256.40174980977844
2.9979451334419616,256.830484186028
3.0018355131857994,257.25850405365463
3.0057193936368582,257.69076755399874
3.00959492171413,258.36882816989174
3.0134592839767644,259.18227203086366
3.017311555702043,259.9931708475068
3.0211516813128956,260.82445279785225
3.0249763820438815,262.09536618914206
3.028781402965848,263.5298371502142
3.0325658232565793,264.95654179205746
3.036330064987779,266.36268555546155
3.0400758690816785,267.57080089191186
3.043805274470494,268.71013900960475
3.047518933423988,269.84466657110073
3.0512172910575215,270.938128161554
3.0549052719539063,271.3643651836749
3.0585891476715448,271.5421734250148
3.06227061273142,271.71986531204135
3.0659497179820345,271.89062177658553
3.069627990555622,271.84287687232694
3.0733076185745336,271.6903681132517
3.076989313251001,271.5377736978439
3.0806730926638055,271.38294400378265
3.08436005452051,271.069282633703
3.088051959414466,270.656795637933
3.091749499461621,270.24367904105105
3.0954527079801917,269.82884723945807
3.099163276983105,269.17284252030714
3.102884183068418,268.33196113603873
3.106616786317776,267.48843632913076
3.110361200785017,266.6418108176971
3.114118783711608,265.6172105728148
3.1178919428125216,264.4451918982737
3.1216818994638214,263.2679555687118
3.125488876532785,262.0859114981
3.1293126261058353,260.9633036330079
3.133152558610191,259.88143175246813
3.1370085437844333,258.7950371538015
3.140880789039587,257.70348011295687
3.1447696512623526,256.58817931413074
3.148675562102106,255.458770067795
3.1525988185691953,254.32434526608682
3.1565396013864966,253.19156123530675
3.160497535915033,252.12475958306769
3.164472137852938,251.0724856549194
3.168463468362894,250.01578284551832
3.172470199803148,249.14571732408749
3.176484779806378,249.0384242692306
3.180500444869754,249.011082963878
3.18451655089978,248.9837386561186
3.1885307964443643,249.24202139632368
3.1925372006053934,249.95977006507277
3.196532084035593,250.68166122879848
3.20051547611836,251.4040231066514
3.204485685415456,252.34953144596955
3.208439940406823,253.4370835535628
3.2123772988957455,254.5199885590481
3.216297869334772,255.61219734946644
3.2202001993852236,256.90537733394046
3.224082471226507,258.260463634534
3.2279444783787437,259.6084766533962
3.2317863173875,260.979153463407
3.2356063834356465,262.5768794637422
3.239402984651413,264.21517216369887
3.2431761883974595,265.84336849021713
3.246927070463723,267.36890955222447
3.2506610331582992,268.2565522650991
3.2543834966745435,269.02314512351217
3.258095382885185,269.78755972366736
3.261797233291458,270.4836832547836
3.2654931456157144,270.6547487203228
3.2691874902953035,270.71326017521386
3.2728810366586725,270.77175898631526
3.276574047279853,270.79180740854855
3.2802695475344734,270.4071838928938
3.28397105481957,269.91369468098674
3.2876793420828143,269.4193015545784
3.2913946651691646,268.8924063605308
3.2951202609951062,267.93618137418025
3.2988601508853925,266.84116345653734
3.3026154515382125,265.74163335767855
3.3063864328691532,264.62663525117813
3.310174432689886,263.35953515640597
3.313981084855949,262.0398266208464
3.3178070062079756,260.71343775087246
3.321652348474661,259.39962963704403
3.3255159146776503,258.2593412308625
3.329396282870899,257.1580191601781
3.3332933413275696,256.05196007632577
3.3372073156524995,254.94001493765916
3.3411384794341625,253.81765700578453
3.3450871102648727,252.68953678298942
3.349053449155644,251.55635738355969
3.3530366495023887,250.55445528308834
3.357033163078018,249.88262985360564
3.3610403277555463,249.22425519672618
3.3650581061254585,248.56415738948056
3.369083261655109,248.31118163798467
3.373109303461629,248.45468991118628
3.3771330211539734,248.59811534136372
3.381154202668943,248.76820011664134
3.3851687753076285,249.4176789821898
3.3891715059812535,250.24258152753814
3.3931610851462306,251.0647737449398
3.397137239482385,251.93531669086
3.4010975320753447,253.08047110208193
3.4050396617588587,254.26226305691634
3.4089635529019384,255.43858736807053
3.4128696230426394,256.5875665278221
3.416758737650109,257.6705801568444
3.4206316004793758,258.74550623406606
3.4244884401340974,259.8159850254098
3.4283290647324636,260.93505031979447
3.4321525862498476,262.1457550030213
3.4359585150868757,263.35291818204956
3.4397470772803,264.5545730150756
3.443520011918979,265.5385993981809
3.4472812524761993,266.2016813985557
3.45103316880318,266.860060013803
3.454775851359467,267.5168183058707
3.4585106836499206,267.982866640302
3.462240988600265,268.16639219126847
3.46596876088054,268.34712757107144
3.4696940241444723,268.5277413050681
3.473417844140956,268.55514860280744
3.477143007133181,268.33420171306835
3.480871263856037,268.10963763361633
3.484602645924439,267.88488530522864
3.488338346541295,267.4902135094634
3.4920816594979645,266.7967649561571
3.4958347665911447,266.0959581457051
3.4995977843044273,265.39330075388403
3.5033714337949236,264.59881942339393
3.507157564839788,263.6466307978823
3.5109574394700642,262.6882684838489
3.5147712281766434,261.7263969155256
3.518598592250188,260.8279964508087
3.522438478887449,260.0219605144755
3.526290300540625,259.21413634627675
3.5301541635977456,258.4038205644472
3.5340285027235554,257.81392566237884
3.5379101259019365,257.4347193983135
3.5417974752388854,257.05495373025843
3.545690554849197,256.67743302542476
3.549588225261873,256.4496870825344
3.5534887091712353,256.3072427810197
3.5573913620045357,256.1647192711698
3.5612960627985215,256.0384499516375
3.565200832361002,256.1556943618561
3.5691031963714046,256.3542341856386
3.573002540436449,256.552620364238
3.576898695512937,256.774065287289
3.580790270498691,257.1569568431484
3.584675825798916,257.57031771665015
3.5885551553459205,257.9830162696931
3.59242817605618,258.41013467667756
3.596294343731273,258.8984639867701
3.600153183143958,259.39255663251254
3.604004686148568,259.8857099115713
3.607848197947061,260.47240195846445
3.6116811376386515,261.3216932644659
3.615501546631389,262.183886577427
3.6193094331635303,263.0432538103935
3.623105363647232,263.8379835921204
3.62689086619776,264.49426802787315
3.630667033580815,265.14406829852805
3.6344339690857996,265.79227995401925
3.63819303367871,266.25537865621646
3.641948176354005,266.34756958372543
3.6457020939084783,266.42919440273124
3.6494548617427087,266.5107942223092
3.6532067992674015,266.547124820159
3.6569588586241935,266.49348836469596
3.660711690662886,266.4373759936226
3.664465313223836,266.38125180264
3.6682199178904975,266.2980117687188
3.6719760727059763,266.1614394061226
3.675734165870539,266.02338066581063
3.679494210394485,265.8852502396886
3.6832563357146437,265.7291969510612
3.687020913060098,265.53901001614474
3.6907881945106826,265.34786040132514
3.6945581917701826,265.1565729880571
3.698331146039833,264.93210969197895
3.702107721123227,264.64840435105555
3.7058883574309496,264.3632271353531
3.7096730764453643,264.077741957019
3.7134609533472513,263.92256654015245
3.717249565349166,263.9752543272768
3.7210374021479597,264.0306044824229
3.7248244450485375,264.08594303666786
3.7286096868356347,264.2819625712225
3.732390735257055,264.67214362703993
3.736166209118314,265.0629736447568
3.7399361242974463,265.45322823805463
3.7436997560211758,265.9488553315289
3.747455452262984,266.57631387177116
3.7512023262679435,267.20271142509654
3.7549404370284005,267.82764395049793
3.758668845467809,268.5953711678834
3.762385364634632,269.54425045296364
3.7660888417613876,270.49044431175054
3.7697794087990326,271.43333979813735
3.773456220099855,272.5184148212784
3.777116963520527,273.82180988447277
3.780760347818963,275.12143805140875
3.7843866017230514,276.41495565160443
3.7879957155538246,277.74086863093294
3.7915871095096523,279.1495258721379
3.7951604478629104,280.5547082038141
3.79871597737469,281.9528873728767
3.8022537185324308,283.383216434453
3.8057725519862364,284.9915134673722
3.809271492585519,286.61468296898187
3.81275072847288,288.2287113929972
3.816210480724629,289.85192083879923
3.819648776818333,291.8383317677247
3.82306297506116,293.9584071207457
3.826452723994958,296.06330046797
3.8298185414915293,298.15333338629193
3.833159747274811,300.441712697614
3.836473585979218,303.0996688897851
3.8397585708658166,305.7426110944561
3.843015399498618,308.3629001199222
3.846244666896311,310.9837090991429
3.849444480263842,314.0679636242998
3.852612196946115,317.3183649589674
3.855747789666668,320.53580382301703
3.858852216451318,323.72126324891923
3.861926924783579,326.76114476328365
3.8649769677362595,328.9747985530352
3.868007323356595,331.0200857673005
3.8710190691221626,333.0528125751636
3.874012543749158,335.07320758747466
3.876988407598115,337.0061093536982
3.8799494134721053,338.44309176791586
3.882898274858527,339.7874507485046
3.885835514870072,341.1265116503957
3.8887612698338474,342.4603366238088
3.891675886964503,343.73851889207026
3.894581926026772,344.4842838881475
3.8974822773508495,345.0878778552165
3.9003775644986023,345.6904179132536
3.9032678139048467,346.2919095637922
3.906153092782535,346.88248936558443
3.9090349202268593,347.12167160313595
3.911915487419492,347.18604053962724
3.914795520648589,347.2503975442051
3.9176750202109796,347.3147426235324
3.920553986403217,347.379075784202
3.9234325654212947,347.4081754768449
3.92631105909442,347.3996745358381
3.929189623247651,347.3911634781182
3.9320682579272175,347.382652211912
3.9349469631383043,347.3741407371201
3.937825761566647,347.36015573861505
3.9407047272486295,347.33378083716417
3.9435839135267425,347.3069300442557
3.9464633224160552,347.28007717534285
3.949342953968211,347.25322222994174
3.952222929788011,347.1970572939544
3.9551039439197186,347.00299340527386
3.957986643513174,346.79118166262396
3.960871104867482,346.5792404713959
3.9637573312166965,346.3671695938069
3.9666453975699874,346.13777136278765
3.969536177339175,345.7173328931256
3.9724306991920546,345.24340003071575
3.975329199973017,344.76881568091056
3.978231696136139,344.29357714945075
3.9811381917592548,343.82063463984207
3.9840482355126796,343.454450283202
3.9869611560793863,343.14182614810255
3.989876732926256,342.8289169324063
3.992794973333327,342.51572185476806
3.995715883685836,342.2024574997673
3.9986390041554287,341.99793708191845
4.001563484393005,341.88428907740865
4.004488937099712,341.77060328171416
4.007415363246313,341.656879657425
4.010342763805188,341.5431181664186
4.0132707192757575,341.52737971679335
4.016198240390787,341.64448486769476
4.019124755217856,341.7622899520816
4.022050261625912,341.8800544432005
4.024974760656683,341.9977783829434
4.027897990096514,342.1770968886805
4.030819134059428,342.4863203737013
4.033737625178395,342.7994440961295
4.036653452885902,343.1122820622325
4.039566624460556,343.4248350527649
4.042477136666262,343.7395807747134
4.045384950273157,344.0625659267828
4.048290033731494,344.3859657648465
4.051192391691616,344.7090621948585
4.054092031810211,345.0318560690927
4.056988824502849,345.38708019611283
4.059881758886746,345.9529484780061
4.062769812036802,346.55560686017327
4.065652851573526,347.15721903720714
4.068530903517347,347.7577904389258
4.071403950414585,348.3678237373941
4.074271195844029,349.1666819261096
4.077131608387618,350.034237032846
4.07998494890046,350.89964721257536
4.082831269579202,351.762928296305
4.085670621907246,352.6241144001078
4.088502787977444,353.5503793859781
4.0913273033816475,354.5370611768133
4.094143979843527,355.5210046070061
4.09695288227034,356.50223235069654
4.099754074678518,357.48076677031213
4.10254765515084,358.44765114985984
4.105333827505808,359.3842522700318
4.1081127650631295,360.3164658098437
4.110884531413351,361.246273719295
4.113649181789089,362.17369452676377
4.116406844796547,363.0792143266157
4.119159058934302,363.6088128935082
4.121907809497542,363.99469878659784
4.124653649077336,364.38017601841193
4.127396586902527,364.7652458849085
4.1301366321532935,365.1499096745668
4.132874504053864,365.3445088243728
4.135612361949239,365.153644462836
4.13835169371621,364.951477327533
4.141092543794788,364.74919813823726
4.143834914712411,364.5468067088168
4.1465789174159005,364.31552234181163
4.149326090248138,363.70616514840765
4.152078317659056,362.9786997602514
4.1548360720692035,362.2497734822
4.157599386910878,361.5193774779344
4.160368295954788,360.7875028206763
4.163143376340997,359.9134008190313
4.165926018396544,358.8296166231826
4.168717097832372,357.7406798060636
4.1715166991714785,356.64841817699767
4.174324900953442,355.55280109402736
4.177141889441518,354.4270362105373
4.1799684145045575,353.1578568915491
4.182805215791674,351.8639384922283
4.185652487638675,350.5652442735216
4.188510346849901,349.2617209591954
4.191378897262539,347.95698402819477
4.194257951315722,346.71783860502524
4.197147218884858,345.5012549407288
4.200046696323496,344.2803722077168
4.20295649264064,343.0551445052223
4.2058767102260575,341.82752853295375
4.2088064708737,340.82357041976894
4.211744214726102,339.9720432897726
4.214689335284223,339.11837796600975
4.21764188839803,338.26255826017166
4.220601930503074,337.4045957254292
4.223568915267108,336.6812059659314
4.226541717014639,336.085341807924
4.229519798791829,335.48841932843504
4.232503188832881,334.8904328679056
4.235491915624534,334.2913767167011
4.238484832045215,333.9533153296837
4.241479520427141,333.89580944027165
4.244474724279865,333.8383793284208
4.247470443485246,333.7809393353798
4.250466678309391,333.7234894556281
4.253461119462818,334.1810831508539
4.256448933858685,335.20610919842716
4.259427638014079,336.22835746540886
4.262397313224604,337.24750712897463
4.2653580411012975,338.2635861965179
4.268308703816796,339.55269678703974
4.2712466604224915,341.1965212296721
4.274170523342961,342.8339944261162
4.277080486971613,344.4636834964323
4.279976747669113,346.08569841000235
4.282859491087844,347.70162823044546
4.285728885439633,349.3132982029322
4.288585100845078,350.9176772218539
4.291428316795965,352.5147542521064
4.294258709189318,354.10462809782064
4.297076458097332,355.6853441713303
4.299881785321241,357.24738754642186
4.302674906634733,358.80078515881706
4.3054559871585445,360.3474862722388
4.3082251812847385,361.8875767522284
4.310982665042327,363.41456117667434
4.313730841421627,364.34194775620136
4.316473487542284,364.8812205950127
4.319212086163093,365.41969759407414
4.32194665515085,365.9573822666317
4.324677212241284,366.4942780996887
4.327404214939614,366.91190802054473
4.3301297225631785,366.89634979046355
4.332855493423404,366.8410455815328
4.3355816752772665,366.7857330337897
4.338308268310733,366.7304121435643
4.341035283403751,366.67220734250753
4.343763494382888,366.4090217396162
4.346494136580052,366.01962357586933
4.349227686930845,365.6298107003203
4.351964154746728,365.239581785148
4.35470354938896,364.8489354952691
4.357446053671794,364.41181027656614
4.3601924559431735,363.8141193703344
4.362943429337923,363.201788016566
4.365699048522667,362.58842256938215
4.368459337114431,361.9740177723144
4.371224357389643,361.3485247476718
4.373995393607327,360.40437392647914
4.37677429512266,359.3061469010948
4.379561716571825,358.2045527821554
4.382357736804147,357.0995604082126
4.385162435892731,355.9911381342307
4.387976613744532,354.6983503464992
4.390802428859107,353.0658026562019
4.393641401494227,351.41824698674696
4.396493747237086,349.7629304325504
4.399359656875392,348.0997422728086
4.40223877149835,346.5616612624537
4.405128146299022,345.63085598604005
4.4080250006544714,344.77426395442615
4.410929070240921,343.9155383985899
4.413840409241985,343.05466329632725
4.4167589110886105,342.2294329226479
4.419682992326267,341.7464332679117
4.422610857240647,341.34542640952657
4.425542165814111,340.94394790006527
4.4284769302262905,340.5419960711301
4.4314151104009625,340.1516778040359
4.434355769858632,339.96792624350684
4.437297696503642,339.8586952071683
4.4402405689919275,339.7494290526272
4.443184388236355,339.64012774573047
4.446129131704865,339.53619719408215
4.449073931237452,339.62719364811784
4.452017519216673,339.8157746576015
4.454959474554901,340.0042510717828
4.457899799965729,340.19262306466516
4.4608384927804074,340.38213626035565
4.463774791944696,340.74756605353303
4.466707409253402,341.2374396233065
4.469635822578166,341.7266109461916
4.472560049946917,342.2150830340756
4.475480109259109,342.70285887660407
4.478395027534086,343.4234806951536
4.4813027139163015,344.4100238179622
4.484202093804621,345.3940539690474
4.487093236705958,346.37528854182926
4.489976212427067,347.3537512282231
4.49285072424607,348.41819439966685
4.495715686298361,349.6735888237742
4.498570371368959,350.93134529609875
4.501414861441196,352.18460991557976
4.504249264971321,353.4334304674337
4.507073909526497,354.62225548742595
4.509890373678348,355.48903014946126
4.512700186157321,356.30317360021166
4.515503592875071,357.11546098100695
4.518300637444305,357.92590492871966
4.521091393441409,358.72667923165744
4.523877446805914,359.1348923413804
4.526661180213839,359.32476115320827
4.5294434434607975,359.51452969071545
4.532224238873622,359.7041981120291
4.535003568773012,359.8937665759483
4.537782168980124,359.8931228376585
4.540562472259675,359.4531308444097
4.5433462513278275,358.99498028292044
4.546133587612314,358.5362442794657
4.548924494784737,358.0769205844051
4.5517189873931425,357.61680521398677
4.554517087950123,357.154089337107
4.557318820363513,356.69025740863333
4.560124200839372,356.22582153681356
4.562933243665081,355.76077935623204
4.565745963513837,355.2950546871722
4.5685625732149955,354.77885301345185
4.571383457184232,354.2192014886566
4.574208805101763,353.65866433526975
4.577038638227069,353.0972373355494
4.579872977988918,352.5349162379825
4.582712001610474,351.9331425036933
4.585556288519971,351.2315012134872
4.588406288943169,350.52349486108335
4.591262057638123,349.81405553603315
4.594123629771564,349.10317450195083
4.596990987742576,348.40373997881875
4.59986377011354,347.7859870742629
4.6027416027762875,347.181978443779
4.605624450886744,346.57691715501176
4.608512340759315,345.97079768552305
4.611405268012401,345.3709923000574
4.614302674257313,344.9018775282382
4.617203821971987,344.4807196871165
4.62010852094345,344.0590463121661
4.623016784244876,343.6368555055948
4.625928618633635,343.21565226061625
4.6288434767842865,342.92420685981045
4.631760457557716,342.71630270729094
4.6346792089526945,342.5082723559889
4.637599734197469,342.30011557567985
4.640522036530109,342.0918321357549
4.6434456768473655,341.9868608858564
4.646369737169719,341.99355665263033
4.649293740068222,342.0002934282344
4.652217685370389,342.0070300710458
4.655141573079627,342.01376658113713
4.658064778052404,342.16682243469404
4.660985594481273,342.573473329918
4.663902928644065,342.9841646187977
4.666816773743821,343.39436473052353
4.669727142269209,343.8040754233343
4.672633618264047,344.31483746191424
4.67553457140327,345.1146692722662
4.678428742127373,345.9305310245602
4.681316103082562,346.7444731145131
4.684196702112727,347.5565090295643
4.687070484933468,348.3913069392547
4.689936817137067,349.36588225947713
4.69279508352054,350.3603754236727
4.69564525962039,351.35205368877575
4.6984874137490245,352.34094082297486
4.701321668212357,353.31334100576146
4.704149381911379,353.97245583527194
4.706972352468345,354.5014991253584
4.70979111640524,355.02975406699585
4.712605692471601,355.55722417411533
4.715416099278093,356.083912934544
4.7182226491132635,356.5351101463566
4.721026047211148,356.88496475316794
4.723826701953829,357.2339329162241
4.726624623510068,357.5825605179457
4.729419819866317,357.9308485532107
4.732212590000085,358.20409824989366
4.7350046087969435,358.123466446772
4.737797434186091,357.9972297913472
4.740591244726337,357.8709486068392
4.743386041460935,357.7446228460954
4.746181861489928,357.6090305059428
4.748980016890729,357.14785256599146
4.751782426770064,356.5241702786297
4.754589747632986,355.89939504134475
4.7574020053886565,355.2735210880272
4.760219226174863,354.64654260167555
4.763041206890781,354.0759815985932
4.765867348373421,353.60298837837973
4.768697268561356,353.13103910834315
4.771530975926179,352.65845824626945
4.774368485713452,352.18524324942075
4.7772097647819045,351.7233883305232
4.780054547708813,351.31818488012993
4.78290258530303,350.91996226096086
4.785753858517347,350.52128722600037
4.788608378404741,350.122158229958
4.791466211170105,349.70909885958395
4.794328301369422,349.08146124327135
4.797195852399268,348.378500535068
4.80006920132926,347.6741185111633
4.802948383470724,346.96830651472965
4.805833443262474,346.2589534025131
4.808725939888754,345.1869033052157
4.811628567760907,343.84650255182765
4.814542555354686,342.5008560073121
4.8174680370975835,341.149901594732
4.820405150089522,339.7935760027418
4.8233559286089,337.99840893128754
4.826324846706651,335.65580444725407
4.829314639405568,333.29522535861366
4.832325760124741,330.91780681515786
4.835358671944344,328.5231831938964
4.8384175134044,325.33468637141215
4.841511240686709,321.16164358103566
4.844645718255784,316.9312654276609
4.847822612293532,312.64364082783237
4.85104357885659,308.31811449635825
4.854306204270273,304.7064196424082
4.857605846017464,301.4376163316442
4.860941668023777,298.13297090238757
4.864314887342683,294.7912776756468
4.867726655717464,291.4342129748853
4.8711777881170395,288.1048418788188
4.874669250385788,284.74080868866315
4.8782024641960735,281.33654777714963
4.881778662964865,277.9371453697799
4.885396619049125,274.87808970887147
4.889054726639416,271.869244073106
4.8927537801983245,268.8267197946022
4.896494287631427,265.87637284694506
4.9002661557203835,264.3691481028522
4.9040566088092294,263.27452947386234
4.907862887706544,262.175340619587
4.911684310003485,261.19185281245234
4.915512255916768,261.2815844562013
4.919337023912979,261.62617636032314
4.923156760861198,261.97031499286624
4.92697094959697,262.3879187197624
4.930775632525361,263.2815833127856
4.934566834287578,264.25743177476875
4.938344087145917,265.22968981405006
4.942107442714981,266.2127441334522
4.94585639125361,267.27227660773787
4.94959045029347,268.34002271894116
4.953309709756535,269.4035369231812
4.957014809769232,270.3947781816576
4.960709231861483,270.9624759224939
4.964396417956582,271.457030720245
4.96807689872354,271.9506861458009
4.971750978484564,272.40368695863253
4.975421201549212,272.5223460382632
4.979090333253836,272.56574937125976
4.9827588807794285,272.6091457938235
4.986426937744359,272.63865841992794
4.990095816912911,272.48699519999315
4.993767116314318,272.27933190918185
4.997441217899375,272.0715101156162
5.0011181528680675,271.8598674648767
5.004798502346961,271.56694365143375
5.008483052161586,271.2404071500179
5.012172043028361,270.91347706841157
5.015865506872876,270.5838342297855
5.0195640985388925,270.16285876848315
5.023268784940786,269.69430850279633
5.026979918867225,269.22494278640374
5.030697547411878,268.7528342311074
5.034422577073171,268.1563049416348
5.038156428733814,267.4844564654267
5.041899682522891,266.8109162225454
5.045652414255447,266.13504397584364
5.049415022207875,265.41214998888745
5.053188105728347,264.659348039934
5.0569719522228285,263.90439867286045
5.060766669860266,263.1451322123714
5.064573104866406,262.2823058097925
5.068392509688657,261.36111055732465
5.072225424281925,260.4366569078408
5.0760719580117115,259.5136264869193
5.079931436676658,258.69237923368735
5.083802881899226,257.91174450047146
5.087686080761387,257.12873977391956
5.09158097720165,256.3648682266754
5.095485852258276,255.81599999068604
5.099398691063165,255.32232321054173
5.103319110211018,254.82769003035528
5.1072467081900115,254.38977311892174
5.111178890949528,254.23363296263912
5.11511319690327,254.11526820209892
5.119049336278315,253.99684828246106
5.122986058045434,254.04007502357055
5.126918953310142,254.49153888766656
5.130844731108654,254.96207993493977
5.134763277062651,255.43175417813438
5.138672125843977,256.2290873236224
5.142565466146658,257.471628721457
5.146440087568644,258.7108078557617
5.1502962385143345,259.9440205669505
5.154134398127612,261.14180414404393
5.157955212619705,262.3094011197201
5.161759094693039,263.47182374278515
5.1655462808036745,264.6272756486481
5.169318433705897,265.5756218435915
5.173078125657249,266.3840826590606
5.176826441522563,267.1900972315816
5.180563489321949,267.99291563509786
5.184289959432107,268.7089767722049
5.188006918566527,269.3660760742386
5.1917148324293905,270.02157631592564
5.195413772390859,270.67466062763106
5.1991055699930655,271.0671316346535
5.202793429797797,271.2528969355712
5.206478765728951,271.43853510352386
5.210161582961266,271.62404639931873
5.213843695729693,271.542383036994
5.21752880866783,271.1820639805465
5.22121882473872,270.82123572663005
5.224913763769031,270.45992608106764
5.228614416466894,269.9856934481593
5.232322612855847,269.3607906827027
5.236039437292966,268.7336902910558
5.239764955441004,268.1051231016659
5.24349984570513,267.3868076761152
5.247245734494902,266.5332374317564
5.2510036677487655,265.67557493022247
5.254773771966131,264.81513468409537
5.258557050076705,263.8287831296141
5.262355826069275,262.65918933792614
5.266171604946756,261.48283732979047
5.270004628253054,260.3011691020578
5.2738550592602245,259.12386948982197
5.277722982202176,257.9521683988863
5.28160855513525,256.7751299179919
5.285512016478155,255.5933717505652
5.289433066530064,254.47652336760999
5.293371037321554,253.4015351944182
5.2973257855284,252.32196711843602
5.301297278499353,251.26919000436908
5.3052818230716,250.67094514153567
5.309274690567619,250.22261175354492
5.313274725112525,249.77347362376864
5.317281074041826,249.43439817977122
5.321288634830151,249.62235712254613
5.325292632917206,249.8785123809243
5.329292530625901,250.13440531817062
5.333286039462527,250.67890095693872
5.337266385201882,251.7924807136942
5.341229084361779,252.91651668198872
5.345174248197287,254.03574992097901
5.349100052245396,255.4177769931294
5.3530028976068795,257.0339622464086
5.356881354462745,258.64004811334325
5.360735874584047,260.23619660978284
5.364566904918092,261.82138727197633
5.368374883619769,263.39635716327126
5.372160226779203,264.9619650542838
5.375923395260093,266.5095778967318
5.379666812406968,267.7645777781808
5.383393708824597,268.8772749229004
5.387105245365612,269.9853862437037
5.390801636010084,271.08520284554777
5.394484290891533,272.0028067361826
5.39815521827856,272.81987355901947
5.4018151843053,273.63450062668835
5.405464292909606,274.44575642490577
5.40910420691614,275.0183706095615
5.412737761367811,275.40712163148953
5.416366194088679,275.7953246836511
5.419989526676158,276.18298207675355
5.4236098859169575,276.2483914454423
5.42723211409248,275.89816249040325
5.43085895702569,275.545849064119
5.4344904431951555,275.1930845913809
5.438128146332999,274.6050194082986
5.441776909569555,273.52803047442984
5.445440197743271,272.43176547682145
5.449118286902962,271.33107117910924
5.452811962753677,270.13758971291065
5.456523755306566,268.68951778335787
5.460255766920937,267.21853265597935
5.464008437186542,265.7394048507156
5.467782213115894,264.23802053339796
5.471577853254189,262.68688766525645
5.47539606018232,261.1238554094719
5.479237260970487,259.55141032045765
5.483100710040241,258.1246753471458
5.4869829760303475,257.04065864747554
5.490881582612423,255.96539733065913
5.494796636016723,254.88559987221427
5.4987277923667985,253.8725749389325
5.502673964591873,252.94935838153154
5.506634589273097,252.02318732885314
5.5106097694543,251.1003536177879
5.51459622765062,250.59862370868802
5.518588669114891,250.34810727548938
5.52258510971285,250.09733990589095
5.5265849872774915,249.9180292849815
5.530582076409215,250.44665270654835
5.534569314013538,251.15475261517793
5.538545341564333,251.86086171236656
5.542509624093901,252.64526768147718
5.546459239326622,253.73551962441064
5.550391721920765,254.85150701409512
5.554307058876424,255.96262869476885
5.558206541336311,256.9277619121798
5.562093625205079,257.5976400582778
5.565970693339493,258.2569174026604
5.569837889213713,258.91451601534715
5.573696413720174,259.4188235500071
5.577548922690154,259.72355995170363
5.581396923207155,260.02706719977726
5.585240438169656,260.3301313356056
5.589080194642191,260.5363162372683
5.592917543228706,260.6569144506338
5.59675311720848,260.7774568925561
5.600586923249654,260.89737073161245
5.604419317943723,260.9695552820179
5.608250876051651,261.01130901948085
5.612081821326785,261.05305607864034
5.615912178671863,261.09144132162174
5.619742747444465,261.02424223815757
5.623574671928302,260.90673782333465
5.627408322971841,260.78918046427435
5.631243763000599,260.66340420984386
5.63508205146335,260.4023055676522
5.638924546781084,260.0929822528962
5.642771617351633,259.7832906272325
5.646623385321218,259.45898875243677
5.650480995827125,258.99708254839504
5.654345755997761,258.49993085736196
5.65821796330816,258.0018211874327
5.662097678856746,257.5003766832614
5.665985066115217,256.9845145161538
5.669880288594525,256.4655012920109
5.673783409929811,255.94543559634366
5.677694472010783,255.42514073602422
5.681613496396043,254.90647989442587
5.685540509566689,254.38696887873397
5.689475558975746,253.8663947358676
5.693419352622142,253.26025451214667
5.69737376283911,252.5052949934012
5.701340052986356,251.74539464205836
5.705318359600424,250.9822236751224
5.709310712459143,249.97751495852913
5.713320668831976,248.78388511902287
5.717349957833445,247.58450060277275
5.721399218210711,246.33601630794988
5.7254736030462245,244.54218722446154
5.729579471408976,242.57344663394906
5.733718939287641,240.58859526613423
5.737899012437577,237.8871830269189
5.742145542253703,233.13358201676456
5.7464817380473505,228.1539586483563
5.7509141706852995,223.12164941026458
5.75543519581486,219.28909705001348
5.760030853981129,215.93020356477192
5.76469915648933,212.51821892786688
5.7694363896504,209.68811959143144
5.774231111717092,207.44922214856018
5.77907815477827,205.185893395724
5.783971567080345,203.53353692461843
5.788893457112204,202.81569650882966
5.793832717914455,202.10444253223997
5.798784076107393,201.82532321193423
5.803733115779922,202.29402572628186
5.808670556177438,202.77472560085042
5.813593004634058,203.52854033085976
5.818490905202765,204.81372456411074
5.823358098845667,206.10474067842262
5.828194597940698,207.42170598714375
5.83299959503077,208.816309226853
5.837772664715807,210.20585598816643
5.842515575615693,211.47996117719654
5.847234907179022,212.31049614626139
5.851936365925241,213.09081809218196
5.856621259178887,213.81447914339654
5.861295512184,214.06151826301112
5.865965588328148,214.19706652769668
5.870632751631353,214.3287979140147
5.875298409528744,214.3352928624967
5.879964590963508,214.2807094075636
5.884631961311752,214.2261120450366
5.889300852832672,214.1411074104706
5.8939719519105065,214.02368145499133
5.898645615323801,213.90618296200836
5.903321535937673,213.81709378347855
5.907998703275652,213.79215392566007
5.912676389682687,213.7696429781106
5.917354338775829,213.76814338996107
5.922031255198469,213.86406550482891
5.926705941156281,213.97218826373134
5.931378169430213,214.0891203840213
5.936046749115523,214.306805405861
5.940710282543148,214.5527039260452
5.94536847229425,214.7987746100998
5.950021024769846,215.07296228276917
5.954667471504783,215.36367594922842
5.9593076545636094,215.65399771706518
5.963942305692177,215.87806018964494
5.968573141454792,216.0094624220659
5.973201168724149,216.14014830834662
5.977826071529444,216.30143206599377
5.982446477245281,216.5611438573961
5.9870612694118694,216.82798527276512
5.99167013310194,217.1186514279368
5.996270681144601,217.61272508131273
6.0008603230190545,218.15178886407557
6.005438622762785,218.69227411322206
6.010004036923208,219.38517806072628
6.0145541633949104,220.1644253005136
6.019088241705504,220.94092415837983
6.023606188737686,221.73945557246446
6.028107485758174,222.57850947117632
6.03259186956787,223.41521542312483
6.0370601082918505,224.18978346663357
6.041516403918553,224.61387620140087
6.045964863971144,224.9802089830946
6.0504061350669245,225.341612185546
6.054843314313974,225.3951998554219
6.059281297310478,225.26001480958192
6.0637219452696165,225.1247485865219
6.0681665430954705,224.85987799024107
6.072619496399378,224.28099232590202
6.07708411252341,223.68664141710903
6.0815608495190485,223.0681790632087
6.0860522177873495,222.23199070219817
6.090561100946486,221.33863243532144
6.095088262931939,220.4410657779861
6.099635363863028,219.40207607949182
6.104205210021188,218.25243814294123
6.108799256187337,217.09671220115175
6.113418078141638,215.9173455246944
6.118062662992962,214.69511536194693
6.122733853971313,213.46475320513298
6.12743150544908,212.28317936288897
6.132152705802736,211.3400021209181
6.136894746726734,210.42132830024488
6.141657234133308,209.52918400128667
6.146437121441805,208.89169360838943
6.1512309655182715,208.3108363279022
6.15603785290528,207.75955394644168
6.160851507212005,207.72520798856033
6.165663829039517,207.87464802200668
6.170472541174486,208.0371906013606
6.17527103678148,208.76136490755871
6.180049563538269,209.78015467893147
6.184804992716034,210.7942146178465
6.189534899338591,212.05084842216058
6.194234515664096,213.52088458913528
6.198901995327711,214.98086843435624
6.203539288699325,216.30928596376395
6.208150716685991,217.39858545997183
6.2127392107676105,218.47693397629885
6.217305467206588,219.52110519517151
6.221851527485157,220.42211292411926
6.226379264443281,221.3014111157969
6.230889163866152,222.16915662103304
6.235383378263331,222.8484779843995
6.239864706907831,223.4485410980254
6.24433403320595,224.0469970620652
6.2487937878624935,224.40845695556328
6.253249854743193,224.4178408580667
6.257705768629382,224.42386736239305
6.262162185678715,224.3671703209571
6.266623098180339,223.9719426944529
6.271092402493673,223.52544188431224
6.275570699351249,223.0733685435098
6.280060145614509,222.41683814678515
6.284563989415441,221.64962116307828
6.289083477232941,220.8797392656558
6.293618392294974,220.14408093130336
6.298167840333026,219.47071970777762
6.302731277192985,218.7964887024177
6.307308267560369,218.1727671415391
6.31189572078156,217.7993008435612
6.316490705464703,217.45813018492137
6.321092813320719,217.1255939659022
6.325700384982414,216.94260990951605
6.330311284332007,216.81228884261154
6.334924954294497,216.68213025671201
6.33953979108392,216.70264492424695
6.344152827176729,216.8513518479004
6.348762702022057,216.9999568647473
6.3533691115141515,217.17775547796356
6.357971088347656,217.41822026344533
6.36256795878173,217.66052494074634
6.367159725310315,217.9018237474749
6.371746454557863,218.13886736815576
6.376328211242036,218.37505587044686
6.3809049827045055,218.61434071174736
6.385475990782017,218.92612774851986
6.390040190593983,219.26704805590117
6.394597304897898,219.60743911532035
6.399147392511808,219.94479543926786
6.403690541574017,220.2787419163632
6.408226813581121,220.61217926080056
6.412756520927498,220.91766018146322
6.41728091247878,221.13083240282643
6.421801022232824,221.33639527601733
6.426317019224637,221.53378398421773
6.430830015692134,221.63077645940243
6.435341344892906,221.69755458680382
6.439851315724388,221.76430360316834
6.444360380303561,221.78667464756754
6.448869416016562,221.7671428818055
6.453378848890235,221.7476093957355
6.457889285547856,221.66845329421363
6.462403168952034,221.40915989589647
6.466922470281675,221.137288975048
6.471447459807852,220.85286738228262
6.4759796384400135,220.43639848110112
6.480520765956422,219.98332313399845
6.485071264006878,219.5294753369353
6.489630771323794,219.11480098035136
6.494198600212469,218.7303090325481
6.498774472770673,218.34514001783342
6.503357549186369,218.04316693485723
6.50794507732922,217.92149497033728
6.512535103582491,217.80589098009463
6.517127365206675,217.70938708414178
6.521720537225464,217.71954806296492
6.52631332116184,217.7461814787591
6.530905637295678,217.7639064648661
6.535499606590786,217.58953026650033
6.540098084852535,217.33710412404736
6.544701910237322,217.08438445981307
6.549312849080334,216.66716128334352
6.55393449751776,216.07966341574758
6.558568746237162,215.49055384285404
6.56321690289419,214.78868782891138
6.5678832456295435,213.81470493618414
6.572571076032091,212.82418952754517
6.577281806807988,211.74115070853108
6.582021661720443,210.21818998583896
6.586796784666058,208.62525165983604
6.591608982340108,206.99169358801478
6.596462442924993,205.09415173769946
6.601361948540806,203.11984785604926
6.606312555758058,200.88337914092665
6.611355904331578,195.74510778777636
6.652117344709574,148.65174108212676
6.658878948891745,147.1437430844275
6.66568793868997,146.58664186117446
6.672492320994651,147.34353025748854
6.679251626476854,148.54977467919133
6.6859390273562695,150.53323251608157
6.692527324701672,153.05630566159817
6.69900058602361,155.9337627634171
6.705340838418115,159.55260320014244
6.71154267113176,162.96890268235367
6.717639282185866,165.0959950016902
6.72366327882289,166.9195177301836
6.72962971482456,168.29461263047952
6.735557371258039,169.10882315446364
6.741456515229638,169.92538441298655
6.747326142301181,170.81408345942006
6.753165076032779,171.71658677627164
6.758976027991604,172.46271695751693
6.764766600163117,172.9269187140398
6.77054214846965,173.3610937607047
6.7763122164121325,173.2553076796719
6.78208962450635,172.92101091771465
6.787879525007273,172.50856098154765
6.793687909203236,171.82264523147586
6.799519985681888,171.10986731452243
6.805378317234838,170.28624902132373
6.811266568993156,169.37558249712401
6.817184379524045,168.58907877895814
6.82311748346332,168.502627689526
6.829051763735401,168.52223717575183
6.834979506851207,168.87466804356762
6.840889030143852,169.56350814942758
6.846774318924792,170.26834685418083
6.852633027900705,171.10584424736277
6.858462744805825,171.9661452066746
6.864261661757025,172.9285289681937
6.870025778897869,174.04930275620498
6.875753026063224,175.16215139940508
6.881444879391837,176.2204345881884
6.8871030371172335,177.25453280418247
6.89272866080269,178.26447302786642
6.898323660659148,179.2000042105077
6.903889704101973,180.12403750046002
6.909430967517773,180.80576952089737
6.914956104436371,181.17659007036173
6.920470262115747,181.52646946655898
6.9259821289306736,181.327110070403
6.931503930431976,180.87408970939057
6.9370404440255555,180.36479133854337
6.942597773989856,179.52223624832456
6.94818217964769,178.62020712740127
6.953796094547746,177.64011607069583
6.959443495583081,176.50870395738232
6.965127287281598,175.37274235720864
6.970842903207544,174.54774620724007
6.976582777631015,173.89316221836583
6.982343979920676,173.25776213178787
6.988124608601849,172.72618382334713
6.993922842629718,172.20720759465794
6.999740968076351,171.54738946805372
7.005584316905924,170.72407688748663
7.011455360136537,169.93272198215416
7.017348045956198,169.47171109609616
7.0232553863468485,169.090552573057
7.029172251726624,168.92634381269028
7.035088484122117,169.1267564088612
7.04099730485784,169.35040555554718
7.046894107201998,169.8171076414449
7.052773414213522,170.35990440527127
7.05863170230987,171.03810467315873
7.064461601540777,172.0238305039019
7.07025806895877,173.01676380294776
7.0760208955059465,174.03815910767096
7.081749819382248,175.07059765634702
7.087445946079186,176.0479081973106
7.09311419730464,176.79619051457257
7.098758995239702,177.5137824736593
7.104385394855219,177.95387041782874
7.110003842865983,178.01632949181376
7.115620543323867,178.06462084226737
7.121239947955313,177.84510483039958
7.126868054158439,177.51452390238555
7.13250729994906,177.14322048471232
7.138161208029458,176.5952504779284
7.1438330482120085,176.02491647335165
7.149525999778023,175.2882417317751
7.155246443233066,174.33758752791493
7.160998299626984,173.3788829186613
7.166782627602882,172.38582921687265
7.172600631730697,171.37762630851233
7.178454727634756,170.26712362121552
7.184351524349078,168.90553719486044
7.19029665378646,167.51008394971265
7.196297863526546,165.76519069756353
7.202365907083737,163.8415605492457
7.208502384954879,162.08773537157472
7.214696434800682,160.80786164970834
7.220938425239192,159.60725284623757
7.227210119648728,159.286158901995
7.233488921063731,159.24597798727044
7.239762967761608,159.5277990501126
7.246017881294953,160.22233427811682
7.252244355949387,160.98854203196964
7.258434010501965,162.13533756409782
7.264579065073416,163.3340470197909
7.2706698567991115,165.03934506240913
7.276691977055778,167.08216409852346
7.282639374299628,169.21289207200275
7.288505021795357,171.77467895378007
7.294283648476451,174.34743940556683
7.299981805356142,176.65846376843967
7.305609616976863,178.7315512656896
7.311174099244308,180.70172495169382
7.316693189384632,181.67948450539058
7.32218707150016,182.3631015206266
7.327663753086904,182.82211659222267
7.333139736357485,182.4095601781203
7.3386294668293175,181.90774189096385
7.344139462638651,181.07087017116498
7.349683126591646,179.70651819191374
7.355269520897081,178.31159730883087
7.360908556069045,176.3696375118209
7.366614925263711,174.13022998737196
7.3723944836050155,171.93095007003137
7.378243221035523,170.0337195616081
7.384157206513966,168.1581014741942
7.390131316882645,166.62678215269744
7.396154553982782,165.424931600132
7.402220370770558,164.29545710755923
7.408320040828812,163.59263682548288
7.4144447693022055,162.95370161805607
7.420583892956527,162.8257452787841
7.426720645121346,163.07974366649117
7.432843525400159,163.5646322063345
7.438932660927186,164.89460184190193
7.444971646975965,166.2927245387027
7.450959544560581,167.72042668979745
7.456896489971802,169.15928965173046
7.462782517003449,170.6348884496091
7.468615005141411,172.2798290735706
7.47439204445379,173.92609336417033
7.4801183250202605,175.34653763876537
7.485801480528867,176.57491945441444
7.491445679651103,177.77525606572203
7.497054919543444,178.78213624860788
7.502633455553557,179.73741001749934
7.508184217067382,180.57546141302205
7.513714173196545,181.0917977288952
7.519228699859669,181.5873324722458
7.524736530659424,181.53203685679242
7.530254796594857,180.90175517865114
7.535792965955208,180.22965796248477
7.541363310823701,178.82007283789068
7.546982335960102,177.12165885901663
7.552657258743338,175.31530210956157
7.558397391251443,173.12250995918444
7.564211838063625,170.86314350413593
7.570095666397332,169.06115281949144
7.576034773525135,167.69534209268343
7.582021867732093,166.3618483422533
7.5880524805563265,165.28291582152113
7.594121886257621,164.24192696444916
7.6002236006211685,163.53632500697532
7.606345831363095,163.14246113294172
7.612479154539921,162.94515475865487
7.61860304863383,163.64592889343913
7.624698702682146,164.45869397204112
7.630756504133657,165.69874525170417
7.636764289423183,167.2094882565764
7.642717199148279,168.7678947872218
7.648611538632924,170.55005210434814
7.654444498569856,172.3383655605033
7.660212982376427,174.38527516229465
7.665910908588941,176.6340275460747
7.671538885683329,178.74599689749718
7.677115790281983,179.87946341378986
7.682661187775652,180.78224453868933
7.688182381221273,181.4595446000875
7.693692506153745,181.5086387168866
7.699201717396882,181.51973569163832
7.704714542493409,181.27083110524782
7.71023917588296,180.74490461526443
7.715779630031397,180.2370483106746
7.721330030992956,180.09733375111904
