0.0,0.0,0.0,-18.233872674405575
0.023219954648526078,0.0,0.0,-8.324359200894833
0.046439909297052155,0.0,0.0,1.2270514741539955
0.06965986394557823,0.0,0.0,10.430357672274113
0.09287981859410431,0.0,0.0,19.29517624527216
0.11609977324263039,0.0,0.0,27.8310324922204
0.13931972789115646,0.0,0.0,36.047281958162785
0.16253968253968254,0.0,0.0,43.953003622591496
0.18575963718820862,0.0,0.0,51.55718681961298
0.2089795918367347,0.0,0.0,58.868509985506535
0.23219954648526078,0.0,0.0,65.89562294632196
0.25541950113378686,0.0,0.0,72.64688370376825
0.2786394557823129,0.0,0.0,79.13054154068232
0.301859410430839,161.97826717416592,153.85428,85.35456917434931
0.3250793650793651,155.56366551618063,77.66403,91.32695076614618
0.3482993197278912,155.56349,156.12616,97.0552871003747
0.37151927437641724,156.4646318384925,155.96611,102.54720375686884
0.3947392290249433,156.46466,156.78601,107.81000015884638
0.4179591836734694,156.46466,156.3118,112.85090515762568
0.44117913832199546,156.46466,156.00938,117.67703316360712
0.46439909297052157,155.56352520188437,154.04776,122.29523728042841
0.4876190476190476,153.7767632865756,153.6955,126.71220848709345
0.5108390022675737,155.56341322358747,156.96828,130.93454430252314
0.5340589569160998,160.1216452303218,161.04527,134.96880600601435
0.5572789115646258,162.92059880275625,163.51866,138.82112572342157
0.5804988662131519,164.8136875660985,165.43274,142.4976813569665
0.603718820861678,166.72872275206495,166.05486,146.0045172944665
0.626938775510204,166.72882,166.0994,149.3474013581872
0.6501587301587302,164.81388472854545,164.61748,152.53218910843134
0.6733786848072563,162.92083722332572,162.749,155.56430695205927
0.6965986394557824,161.98243498133792,162.05606,158.4492957368493
0.7198185941043084,162.92067318595082,163.60094,161.19241974502802
0.7430385487528345,165.76836201222264,166.01866,163.79886505752802
0.7662585034013606,167.6945458551448,166.62732,166.2736937776208
0.7894784580498866,165.7686679068205,165.26582,168.62180206924677
0.8126984126984127,163.86465015736297,163.32986,170.84800217300653
0.8359183673469388,161.04962793562902,159.63432,172.95696327835321
0.8591383219954649,157.3713158199105,156.5596,174.9532592073083
0.8823582766439909,158.2826223393509,159.71129,176.84129974991083
0.905578231292517,164.81328251560055,164.83588,178.62542984634638
0.9287981859410431,166.72867038779225,167.90056,180.30977318435907
0.9520181405895691,169.64295662317068,168.99442,181.89850685745478
0.9752380952380952,169.64319,167.6885,183.39560005813837
0.9984580498866213,166.72906476106493,65.76955,184.80487129837275
1.0216780045351475,162.92105725709513,484.43576,186.13018486648798
1.0448979591836736,161.04959446940535,162.34825,187.37505791336298
1.0681179138321997,161.98229618043717,162.57137,188.54316971451044
1.0913378684807256,164.81352008683578,166.2825,189.63792679458857
1.1145578231292517,170.62537511293925,169.17747,190.66268417984247
1.1377777777777778,171.61425540434493,169.9243,191.62069580703974
1.1609977324263039,170.62601652617866,170.02669,192.5151316896081
1.18421768707483,170.62592,168.93976,193.34903023391962
1.207437641723356,166.72921579844567,496.29965,194.12544701248407
1.2306575963718822,163.8648164992256,489.36847,194.8471514955163
1.253877551020408,162.92082954015717,164.53511,195.51706383377314
1.2770975056689342,164.81357664541673,166.68832,196.1378123536706
1.3003174603174603,168.66569865113547,168.26122,196.71198151260614
1.3235374149659864,169.64308122484135,168.9915,197.24228928238153
1.3467573696145125,169.64319,168.59471,197.73099587112665
1.3699773242630386,168.66623259183086,168.31882,198.18058083206415
1.3931972789115648,167.69478384157452,168.72008,198.59332344681025
1.4164172335600906,168.6660042610659,170.17831,198.97146103531122
1.4396371882086167,169.64307168316077,175.37276,199.31715271621943
1.4628571428571429,179.7294587658422,365.83694,199.63240311294794
1.486077097505669,187.14585299181056,188.83203,199.91925881057978
1.509297052154195,189.32104393589074,189.78117,200.17971489578485
1.5325170068027212,188.23105056038952,187.2817,200.41557381302118
1.5557369614512473,184.99763315913444,183.64014,200.628569342196
1.5789569160997732,181.8194920958943,181.38463,200.8205230012536
1.6021768707482993,181.81907,181.94476,200.9930655732751
1.6253968253968254,184.99677548952053,186.73471,201.14777252823114
1.6486167800453515,188.23046157763363,189.77657,201.2862498536706
1.6718367346938776,191.52065731512243,190.6303,201.4099356904626
1.6950566893424037,190.41819727477093,188.54466,201.5202700868249
1.7182766439909298,186.06951858685818,185.9577,201.61859200149775
1.7414965986394557,181.81969253101067,180.36449,201.70616219192743
1.7647165532879818,178.69599364956318,177.90872,201.78435394912958
1.787936507936508,179.7305443204408,180.89438,201.85426209121943
1.811156462585034,182.87186139171604,185.40736,201.91709587723017
1.8343764172335602,186.06839678328754,189.18298,201.9738719239831
1.8575963718820863,189.32081180880505,188.77557,202.02573082596064
1.8808163265306124,186.06940454358488,185.46309,202.07360718399286
1.9040362811791383,182.87285194646103,181.44359,202.1184966340661
1.9272562358276644,178.69620709873612,133.66226,202.16127083450556
1.9504761904761905,177.66648885443584,177.41733,202.20282623916864
1.9736961451247166,178.6953591353923,184.04208,202.24390099197626
1.9969160997732427,187.14536045687407,188.6441,202.2853667512536
2.020136054421769,189.3209504988076,190.27823,202.32792732864618
2.043356009070295,189.32132,187.74785,202.3722636476159
2.066575963718821,184.99796165046553,183.26134,202.41899368911982
2.089795918367347,180.77261273409624,179.27946,202.46876595169306
2.1130158730158732,178.69589903627144,134.27194,202.52222511917353
2.1362358276643993,179.73051399325396,180.79556,202.5798461213708
2.159455782312925,181.81869066790884,185.94122,202.6421611085534
2.182675736961451,188.22973282854912,189.58403,202.70963356643915
2.2058956916099772,189.32111767822715,188.9998,202.78271935135126
2.2291156462585033,188.23111445147566,186.23901,202.86184952408075
2.2523356009070294,184.9978226333737,183.85144,202.94740173965693
2.2755555555555556,182.87274671260406,182.94812,203.03967163711786
2.2987755102040817,182.87234,183.30046,203.13911316543818
2.3219954648526078,183.931503092201,184.17006,203.24589226394892
2.345215419501134,184.9969998138871,184.69075,203.3603465333581
2.36843537414966,184.99721,184.98459,203.48272392898798
2.391655328798186,184.99721,185.99193,203.61325142532587
2.414875283446712,186.06867231542518,186.62535,203.75213310867548
2.4380952380952383,187.1465589487716,187.46767,203.89943001419306
2.4613151927437644,188.23068555164932,191.04987,204.05546639114618
2.48453514739229,195.99609686123654,197.74751,204.22032807022333
2.507755102040816,204.08330409059727,410.305,204.39400169998407
2.5309750566893423,207.65159054824113,209.03833,204.5767314210534
2.5541950113378684,208.855011560661,207.04604,204.7685496583581
2.5774149659863945,206.45560145734083,204.04054,204.96946976333857
2.6006349206349206,202.90980909389825,203.06432,205.17953941971064
2.6238548752834467,204.08525822583354,204.35663,205.39885399490595
2.647074829931973,205.26775611638456,206.5824,205.62729523330927
2.670294784580499,207.65235,207.85013,205.86492417007685
2.693514739229025,207.65235,208.04945,206.11173699051142
2.716734693877551,207.65210823296243,207.2312,206.36759064346552
2.7399546485260773,206.4561219482188,205.66876,206.63257668167353
2.7631746031746034,205.26702562863156,204.30019,206.90654633194208
2.7863945578231295,204.08524206229092,203.94553,207.18945000320673
2.809614512471655,205.26772350779586,205.83043,207.48111794143915
2.8328344671201813,207.6528141803434,208.94897,207.7815654054284
2.8560544217687074,210.06515,210.73897,208.09062454849482
2.8792743764172335,210.06469524463824,209.18396,208.4081809297204
2.9024943310657596,207.65168460878004,205.85379,208.73417923599482
2.9257142857142857,204.08479304724992,202.83891,209.06836769729853
2.948934240362812,202.90956,202.49849,209.4106623902917
2.972154195011338,202.91020077804535,204.59607,209.7608763948083
2.995374149659864,206.45722240189968,208.62007,210.11891625076532
3.01859410430839,211.28205,211.79147,210.48458931595087
3.0418140589569163,211.28183728059122,210.47568,210.85775063186884
3.0650340136054424,210.06432067883657,206.52817,211.2381427064538
3.0882539682539685,205.2670579557169,204.29713,211.6256224885583
3.1114739229024946,204.08501,203.58247,212.0200545564294
3.1346938775510207,204.08560571674673,205.39148,212.42115280777216
3.1579138321995464,207.65274820547222,208.87642,212.82884857803583
3.1811337868480725,210.06515,210.4657,213.24287102371454
3.2043537414965986,210.0649550490136,209.23738,213.66306183487177
3.2275736961451247,208.8550785199443,208.16582,214.08915398269892
3.250793650793651,207.65235,207.60976,214.52100441604853
3.274013605442177,207.65235,207.04863,214.95838234573603
3.297233560090703,207.65235,207.6166,215.40106270462275
3.320453514739229,207.65235,207.85127,215.84888146072626
3.3436734693877552,207.65235,207.82655,216.30159447342157
3.3668934240362813,207.65235,207.78291,216.75907204300165
3.3901133786848074,207.65235,207.72733,217.2209708467126
3.4133333333333336,207.65217831036466,207.12823,217.68720314651728
3.4365532879818597,206.45652935372195,206.94635,218.15749046951532
3.4597732426303858,207.6528568809436,209.32468,218.63168404251337
3.4829931972789114,211.28307594373837,214.65468,219.10949394851923
3.5062131519274375,218.73376002020507,221.9674,219.59079048782587
3.5294331065759637,225.14226,226.21437,220.07539055496454
3.5526530612244898,225.1420890447186,224.6416,220.56301567703485
3.575873015873016,223.84519606155072,221.49501,221.05353615432978
3.599092970521542,221.27412485965846,219.26869,221.54668877273798
3.622312925170068,218.73304962585036,219.61256,222.04233238846064
3.645532879818594,220.00015806136122,220.67773,222.54018852859735
3.6687528344671203,221.27476385192608,222.6736,223.04021904617548
3.6919727891156464,223.8453751392185,223.43054,223.54209969192743
3.7151927437641725,222.55612853405557,221.92427,224.04577324539423
3.7384126984126986,221.2741546435065,219.654,224.55094978958368
3.7616326530612247,218.73274605714633,217.85765,225.05750343948603
3.784852607709751,217.4733637844067,218.55972,225.56523583084345
3.8080725623582765,220.00028208894122,221.11438,226.07399437576532
3.8312925170068026,222.55656031564385,223.99033,226.5836074128747
3.8545124716553287,225.14226,225.21913,227.0940062776208
3.877732426303855,225.14212450211036,224.03854,227.60484001785517
3.900952380952381,223.84513568372904,221.09543,228.11610863357782
3.924172335600907,219.99974582787928,217.99638,228.62762901932
3.947392290249433,217.47308,217.05028,229.13926766067743
3.9706122448979593,217.4734475145459,219.37823,229.65082619339228
3.9938321995464854,221.2748163836302,223.11534,230.16224739700556
4.017052154195011,225.14226,225.3175,230.67337105423212
4.040272108843538,225.14214223080614,224.72668,231.18407509475946
4.063492063492063,223.84518825923192,221.28877,231.6942031159997
4.08671201814059,219.9997803755462,217.72905,232.20368263870478
4.1099319727891155,217.47308,216.85121,232.71237251907587
4.133151927437642,217.473395542792,219.0473,233.22015450149775
4.156371882086168,221.27465839767893,222.8723,233.72704765945673
4.179591836734694,223.84553,224.61148,234.23283836990595
4.20281179138322,223.84553,223.80858,234.73741219192743
4.2260317460317465,223.84543305463265,222.70906,235.24071953445673
4.249251700680272,222.55618611615012,221.93936,235.7427413240075
4.272471655328799,221.27445,221.22885,236.24332878738642
4.295691609977324,221.27445,221.23648,236.74241707473993
4.31891156462585,221.27453637314184,222.35034,237.23993752151728
4.342131519274377,222.55628,222.91295,237.7358748689294
4.365351473922902,222.55628,222.74161,238.23014519363642
4.388571428571429,222.55628,222.81209,238.72269890457392
4.4117913832199545,222.55628,222.26161,239.2134444490075
4.435011337868481,222.55628,222.25189,239.70233986526728
4.458231292517007,222.55628,222.61638,240.18944618850946
4.481451247165533,222.55628,222.71535,240.6746489778161
4.504671201814059,222.5564138444065,223.66905,241.15795204788446
4.527891156462585,225.1424560014824,226.46349,241.63930962234735
4.551111111111111,229.0779912025073,232.19083,242.11866066604853
4.574331065759638,235.79067183496727,241.70853,242.59607765823603
4.597551020408163,246.94203269173295,251.08604,243.07145378738642
4.62077097505669,255.65009218904848,259.68948,243.5448767915368
4.6439909297052155,257.13082313339237,257.2906,244.01630470901728
4.667210884353741,252.71352944930777,501.3464,244.48574898391962
4.690430839002268,249.81097,248.01193,244.95318672806025
4.713650793650793,249.81101946303812,250.04716,245.4186560884118
4.73687074829932,251.2581669063147,252.29158,245.8821456208825
4.760090702947846,252.7136843187123,507.99603,246.34364769607782
4.783310657596372,254.17754854055948,506.4882,246.80329582840204
4.806530612244898,252.7135634649054,502.17938,247.26101753860712
4.829750566893424,249.81089994837885,247.64752,247.71682808548212
4.85297052154195,246.94165,246.64415,248.17088005691767
4.876190476190477,246.94173852118456,248.60954,248.6230704560876
4.899410430839002,251.2581741697477,252.79099,249.073487021029
4.922630385487529,254.17763903112507,512.0375,249.52220986038446
4.9458503401360545,257.13097830614583,514.4518,249.969238974154
4.96907029478458,255.64997424343915,507.26105,250.41462395340204
4.992290249433107,251.25807363176034,246.00584,250.85842964798212
5.015510204081632,246.94163749951667,245.08134,251.30073235183954
5.038730158730159,245.5194092296597,247.61311,251.74157021194696
5.061950113378685,251.25813425519664,252.26448,252.1810195222497
5.085170068027211,254.17759431378067,511.43732,252.61906120926142
5.108390022675737,255.6500285620731,511.07483,253.05588219314814
5.131609977324263,254.17759143792688,500.01953,253.49142906814814
5.154829931972789,248.37218700803305,244.42831,253.9258162751794
5.178049886621316,244.105300834383,245.76335,254.3591658845544
5.201269841269841,248.3721408318636,249.66475,254.7914931550622
5.224489795918368,252.71360184262335,253.85509,255.2228781953454
5.2477097505668935,255.64999845680967,512.2671,255.65338204056025
5.27092970521542,257.1309811986598,259.91644,256.0831610932946
5.294149659863946,257.131,517.6989,256.51221153885126
5.317369614512471,260.11866039944255,513.9942,256.9406516328454
5.340589569160998,254.17770023540947,0.0,257.3685195222497
5.363809523809524,258.62044888499247,0.0,257.795956350863
5.38702947845805,255.65009672030908,0.0,258.2229659333825
5.410249433106576,252.713711689069,0.0,258.64971993118525
5.433469387755102,252.71364,0.0,259.07625649124384
5.456689342403628,0.00715691527875606,0.0,259.50267861038446
5.479909297052155,0.0,0.0,259.92907021194696
5.50312925170068,0.0,0.0,260.35548470169306
5.526349206349207,0.0,0.0,260.7820594087243
5.5495691609977325,0.0,0.0,261.20881340652704
5.572789115646259,0.0,0.0,261.63591454178095
5.596009070294785,0.0,0.0,262.0633895173669
5.61922902494331,0.0,0.0,262.4913642182946
5.642448979591837,307.53987449656415,297.6012,262.9198882356286
5.6656689342403626,297.07747084945186,295.64865,263.3490187898278
5.688888888888889,291.973624215236,292.04785,263.77893517166376
5.712108843537415,291.97338,291.6603,264.20967934280634
5.735328798185941,290.2918270378378,289.08212,264.6412894502282
5.758548752834467,286.95763908695494,283.92545,265.0739066377282
5.7817687074829935,282.02797440993254,278.90765,265.5075576081872
5.804988662131519,278.78851664302397,277.37033,265.9423720613122
5.828208616780046,278.78833,280.0007,266.37846825271845
5.851428571428571,282.02750070321156,282.52298,266.8158271089196
5.874648526077098,283.6613662940991,283.4562,267.25456688553095
5.897868480725624,282.02780689685176,280.4806,267.6947829499841
5.92108843537415,277.1829564738057,275.64847,268.13647911697626
5.944308390022676,273.9991407450864,272.46765,268.57983086258173
5.9675283446712015,272.4209125024756,272.44843,269.0248687043786
5.990748299319728,273.99880441526483,277.683,269.4716155305505
6.013968253968254,280.40285841857735,285.33426,269.9201743379235
6.03718820861678,286.95695436087044,286.90927,270.37064430862665
6.060408163265306,285.3048307356431,282.06418,270.8230216279626
6.0836281179138325,278.78885818130243,276.09427,271.2774092927575
6.106848072562358,273.99931755767057,273.37558,271.73386070877314
6.130068027210885,272.42093407829276,273.1021,272.19236443191767
6.15328798185941,273.9987828394476,276.75674,272.6531188264489
6.176507936507937,280.4027708583187,282.61365,273.11607430130243
6.199727891156463,283.66117409619335,285.19302,273.5812880769372
6.222947845804989,285.3045475522021,285.3297,274.04877922683954
6.246167800453515,283.66162565722533,281.10944,274.5187003389001
6.269387755102041,278.78880113273203,276.19342,274.99094078689814
6.292607709750567,275.58649583644365,275.8573,275.465706564486
6.315827664399093,277.1824694198937,277.95807,275.9428832307458
6.339047619047619,280.40300975206105,281.9548,276.42259285598993
6.362267573696145,283.66112955153415,285.90475,276.9048392549157
6.3854875283446715,286.95710915799987,287.06454,277.3896605744958
6.408707482993197,286.95746,285.76627,277.87702629715204
6.431927437641724,283.66183371693614,281.9098,278.3670546784997
6.455147392290249,280.4037059025568,279.6426,278.8596541658044
6.478367346938776,280.40334,279.86694,279.35485527664423
6.501587301587302,280.40334,281.41718,279.85276482254267
6.524807256235828,282.0275080593983,282.96756,280.3533179536462
6.548027210884354,282.0277,282.90195,280.85653755813837
6.57124716553288,283.66127056557514,283.17157,281.36238930374384
6.594467120181406,283.66147,284.59222,281.8709265962243
6.617687074829932,286.9570447833207,289.86633,282.38206551223993
6.640907029478458,291.9727383161753,295.5328,282.8959204927087
6.664126984126984,297.0763271300739,301.80692,283.4123198762536
6.6873469387755105,304.0199145541317,919.43134,283.93137047439814
6.710566893424036,307.5529173830324,310.0058,284.4530493989587
6.733786848072563,309.3347781581189,309.09598,284.97723457962275
6.757006802721088,309.33502,306.75018,285.50396797806025
6.780226757369615,305.78250617132585,304.5408,286.0332343354821
6.8034467120181406,305.78201,305.7371,286.5649840608239
6.826666666666667,305.78201,308.18365,287.0991103425622
6.849886621315193,309.33450301029677,933.0519,287.63570473343134
6.873106575963719,312.9287899821877,316.41562,288.1746413484216
6.896326530612245,314.7418391442107,314.9366,288.71581719070673
6.9195464852607715,314.74211,312.8067,289.25930473953485
6.942766439909297,311.1275342717786,928.2356,289.80497048050165
6.965986394557823,305.7828399302441,302.81403,290.35276482254267
6.989206349206349,304.0211069037365,307.0408,290.9026419892907
7.012426303854875,309.33417409054846,312.29044,291.4545256868005
7.035646258503402,312.9287408414632,946.18823,292.008358694613
7.058866213151927,316.5647970092732,318.26334,292.5640113130212
7.082086167800454,316.56539,314.56534,293.1214606538415
7.1053061224489795,312.92992719409744,309.81085,293.68061516433954
7.128526077097506,309.33562723895056,309.75818,294.24140617996454
7.151746031746032,311.1266737574341,312.15466,294.8037345185876
7.174965986394558,312.9290084633234,313.36786,295.36750481277704
7.198185941043084,312.92932,313.50067,295.93261025100946
7.2214058956916105,312.92932,312.71997,296.4989592805505
7.244625850340136,314.74178603523234,322.68753,297.06646797806025
7.267845804988662,320.24270606234154,302.243,297.6350447908044
7.291065759637188,307.5557074641938,0.0,298.20458290725946
7.314285714285714,283.6658797305281,0.0,298.77488396316767
7.337505668934241,282.02800473580135,0.0,299.34596321731806
7.360725623582766,285.30408236351093,0.0,299.9176146760583
7.383945578231293,288.61914871158467,0.0,300.48973152786493
7.4071655328798185,288.61978,0.0,301.0622451081872
7.430385487528345,0.05608908596332185,0.0,301.6349761262536
7.453605442176871,0.0,0.0,302.20776817947626
7.476825396825397,0.0,0.0,302.7806403413415
7.500045351473923,0.0,0.0,303.35326836258173
7.5232653061224495,0.0,0.0,303.9256026521325
7.546485260770975,0.0,0.0,304.49750969558954
7.569705215419502,0.0,0.0,305.0688559785485
7.592925170068027,0.0,0.0,305.6395156159997
7.616145124716553,0.0,0.0,306.20925591140985
7.63936507936508,0.0,0.0,306.77793572098017
7.662585034013605,305.7166133892606,286.21008,307.34553215652704
7.685804988662132,304.02120837777665,300.57733,307.91174767166376
7.7090249433106575,305.7823871094588,305.2882,308.4764945283532
7.732244897959184,307.55452398301964,309.13995,309.03960106521845
7.75546485260771,312.93084858814746,315.89017,309.60092613846064
7.778684807256236,320.24524969627055,322.67905,310.1602904573083
7.801904761904762,327.72982094212693,329.09195,310.71752236038446
7.8251247165532885,331.53746011705056,331.8388,311.272404409945
7.848344671201814,333.4584294570129,335.50113,311.82490227371454
7.871564625850341,337.33224,337.80927,312.3747145906091
7.894784580498866,337.33147567807487,334.89008,312.9218108430505
7.918004535147393,333.4572748874514,331.30502,313.46584770828485
7.9412244897959186,331.5374413614232,331.58777,314.006779409945
7.964444444444444,333.458019738731,333.60773,314.5443885102868
7.987664399092971,335.39008830306966,337.18994,315.0785262361169
8.010884353741497,339.28711918355634,340.60217,315.60895989090204
8.034104308390022,343.22943998361325,345.1601,316.1355635896325
8.057324263038549,347.21646284442807,347.14868,316.65811989456415
8.080544217687075,345.21627976908235,344.4668,317.1764495149255
8.103764172335602,341.25114569645325,339.1237,317.69036934524775
8.126984126984127,337.33224,333.86508,318.1997420564294
8.150204081632653,337.3329289925996,338.28653,318.70434258133173
8.17342403628118,341.25253925324387,343.4039,319.20405266433954
8.196643990929706,345.217,346.1919,319.6985518708825
8.219863945578231,345.2166621449959,345.23813,320.1877867951989
8.243083900226758,343.2280378147311,341.36935,320.6715094819665
8.266303854875284,339.28638,337.3552,321.1495787873864
8.289523809523809,339.2867024592921,338.98575,321.62177727371454
8.312743764172335,341.25249278673255,343.03952,322.0879142060876
8.335963718820862,345.217,345.23477,322.547909475863
8.359183673469389,345.216685445341,344.59357,323.00138161331415
8.382403628117913,343.2287,343.33112,323.4482199922204
8.40562358276644,343.2287,342.72852,323.88839790970087
8.428843537414966,343.2287,343.04996,324.3215453401208
8.452063492063493,343.2287,343.59692,324.7475936189294
8.475283446712018,343.2287,343.80338,325.1663062348962
8.498503401360544,343.2287,343.21985,325.57750771194696
8.52172335600907,343.2287,342.58325,325.9810111299157
8.544943310657597,343.2287,342.60635,326.37666008621454
8.568163265306122,343.2289796041414,344.5474,326.7642256990075
8.591383219954649,345.21727731963415,347.04407,327.14360497146845
8.614603174603175,347.2171049955568,348.43765,327.5145575776696
8.6378231292517,349.22823,348.77902,327.8769881501794
8.661043083900227,349.2279628614592,348.08572,328.2307212129235
8.684263038548753,347.21683,347.01117,328.5755088105798
8.70748299319728,347.21657220991756,346.2015,328.91113732010126
8.730702947845804,345.217253884172,346.02786,329.2376258149743
8.753922902494331,347.2170814245089,347.47168,329.55466149002314
8.777142857142858,349.2292344075313,352.48752,329.862118460238
8.800362811791384,357.39231813486776,363.1222,330.1598250642419
8.823582766439909,367.8644344167492,374.5563,330.44770500808954
8.846802721088435,376.46232260993634,380.04974,330.7254531159997
8.870022675736962,380.8363442249722,384.05875,330.99303887039423
8.893242630385489,383.0420000839255,382.30292,331.2502333894372
8.916462585034013,380.835845806688,379.39008,331.4969832673669
8.93968253968254,378.642869909219,379.8405,331.7330214753747
8.962902494331066,380.83656535161094,383.725,331.9582946076989
8.986122448979591,385.26166213204647,387.92584,332.1725966706872
9.009342403628118,389.73771,389.20438,332.37583611160517
9.032562358276644,389.73725535432527,388.25452,332.5677916780114
9.05578231292517,385.2605307306626,383.10898,332.7484709993005
9.079002267573696,378.6422052859857,376.10788,332.9176375642419
9.102222222222222,374.29355,373.18503,333.0752303376794
9.125442176870749,374.293957725454,374.82962,333.22107384353876
9.148662131519275,378.64323756193835,381.71793,333.3550231233239
9.1718820861678,385.2615921865581,388.6314,333.4770705476403
9.195102040816327,389.73771,390.2511,333.58696434646845
9.218321995464853,389.7373252998141,387.48865,333.68474266678095
9.24154195011338,385.2604509910134,380.17123,333.7701308503747
9.264761904761905,376.4616321352694,374.71933,333.8431594148278
9.287981859410431,374.29372362985623,373.9965,333.903622366488
9.311201814058958,376.4621517399578,377.91592,333.951603628695
9.334421768707482,380.83642706750584,383.54227,333.9867522493005
9.357641723356009,385.26152224106977,388.0602,334.0091750398278
9.380861678004536,389.73771,389.42725,334.0187651887536
9.404081632653062,389.7373952453022,388.0623,334.01537773758173
9.427301587301587,385.2610383149447,384.48666,333.99895165115595
9.450521541950113,383.04225,381.98657,333.9694487825036
9.47374149659864,383.04225,382.0621,333.92675469070673
9.496961451247167,383.04225,383.2485,333.87080071121454
9.520181405895691,383.0423843496204,384.41263,333.80164024978876
9.543401360544218,385.26119,384.89685,333.71909020096064
9.566621315192744,385.26119,384.64334,333.6231353059411
9.58984126984127,385.26106865195595,384.128,333.51374504715204
9.613061224489796,383.04225,383.59134,333.39089653640985
9.636281179138322,383.04225,382.70706,333.2545058503747
9.659501133786849,383.04214227755403,381.4641,333.10456535965204
9.682721088435374,380.83609,381.08887,332.94099114090204
9.7059410430839,380.8361891046501,382.0259,332.7638747468591
9.729160997732427,383.04225,382.15533,332.57309410721064
9.752380952380953,383.0421595131455,382.66336,332.3686873689294
9.775600907029478,380.83591913002147,379.8412,332.1505706086755
9.798820861678005,376.46141229440946,371.07755,331.91885063797235
9.822040816326531,365.7442320031987,358.66644,331.673397757113
9.845260770975058,353.2856704270689,345.4409,331.41437981277704
9.868480725623582,341.25172751242667,339.45236,331.1416213288903
9.891700680272109,337.33218307950574,335.0304,330.8553130403161
9.914920634920636,335.3894031257947,336.8081,330.55536339432
9.93814058956916,337.332190668905,336.15594,330.24180290848017
9.961360544217687,335.38935,336.18204,329.91464684158564
9.984580498866213,335.3893084987137,335.55115,329.57395622879267
10.00780045351474,333.45765,333.41156,329.21987602859735
10.031020408163265,333.45765,332.59708,328.8521926179528
10.054240362811791,333.45768018275356,333.87323,328.4711806550622
10.077460317460318,335.3894032796029,337.6796,328.0768172517419
10.100680272108844,339.28642619897255,340.78644,327.6691100373864
10.12390022675737,343.2287,343.0427,327.24819634109735
10.147120181405896,343.2286845558896,342.58667,326.8140761628747
10.170340136054422,341.25181564948116,338.2333,326.3669326081872
10.193560090702949,335.38933495206015,332.6893,325.90668938308954
10.216780045351474,331.5370737511256,331.56845,325.433537222445
10.24,333.45765,334.1753,324.94746086746454
10.263219954648527,337.3322324324563,339.81155,324.4486891999841
10.286439909297052,343.22867696699814,344.11887,323.93718407303095
10.309659863945578,345.2169883498275,343.7197,323.41311333328485
10.332879818594105,341.25188097767364,339.0064,322.8766448274255
10.356099773242631,337.33227827736664,334.38754,322.32770989090204
10.379319727891156,333.45769540526294,334.17972,321.76662895828485
10.402539682539683,335.3893235900907,336.57153,321.19335625320673
10.425759637188209,339.28631910902504,341.04037,320.6080519929528
10.448979591836736,343.22863070154153,344.49054,320.01084587723017
10.47219954648526,345.2169611660913,345.86746,319.4019210115075
10.495419501133787,345.217,344.2465,318.7813918367028
10.518639455782314,343.2287466006902,340.9409,318.14941094070673
10.54185941043084,339.28648009777316,337.2594,317.5060927644372
10.565079365079365,337.3322934334111,336.17413,316.85155937820673
10.588299319727891,337.33224,338.65686,316.1860244050622
10.611519274376418,341.2517275124269,341.72818,315.5096022859216
10.634739229024943,343.22863436253044,343.94064,314.8224456086755
10.65795918367347,343.2287,343.97388,314.124813772738
10.681179138321996,343.2287,342.2927,313.41672203689814
10.704399092970522,341.25192722055226,340.75687,312.69851372390985
10.727619047619047,341.25185,340.63394,311.9702346101403
10.750839002267574,341.25185,340.56763,311.23215935379267
10.7740589569161,341.25185,340.45898,310.48440239578485
10.797278911564627,341.25185,340.7744,309.72716972976923
10.820498866213152,339.2864759700275,338.74548,308.9606826081872
10.843718820861678,335.38954789566765,331.8027,308.18513176590204
10.866938775510205,329.6278638438007,323.45444,307.4007231965661
10.890158730158731,320.24421317884025,316.60547,306.60754845291376
10.913378684807256,316.56559834137033,316.09012,305.805966116488
10.936598639455783,316.56539,315.78702,304.99612114578485
10.95981859410431,314.7422203936907,314.39374,304.1782424226403
10.983038548752834,312.92943329915374,312.35974,303.35251305252314
11.00625850340136,312.92932,311.99844,302.5192076936364
11.029478458049887,311.1270996864067,310.93387,301.67846367508173
11.052698412698414,311.12698,311.0084,300.83066246658564
11.075918367346938,312.92919327321624,314.81403,299.97582695633173
11.099138321995465,316.56512723764195,318.70978,299.1142928376794
11.122358276643991,320.2434270009628,322.5418,298.24634239822626
11.145578231292518,323.96446656119815,325.23166,297.372128225863
11.168798185941043,323.96475,323.02048,296.49194023758173
11.19201814058957,320.243997974125,315.94128,295.60596153885126
11.215238095238096,314.7425613014234,313.32086,294.7145125642419
11.23845804988662,314.74211,315.34122,293.8177840486169
11.261678004535147,318.3989157168637,320.58496,292.916073538363
11.284897959183674,323.96426084392397,326.91904,292.00952599197626
11.3081179138322,329.6270512329079,330.96198,291.09848473221064
11.331337868480725,329.62756,328.2413,290.18317864090204
11.354557823129252,325.8418149461818,318.99582,289.2639052644372
11.377777777777778,316.5662777471525,314.7185,288.34081719070673
11.400997732426305,318.3990509144123,321.99622,287.41425774246454
11.42421768707483,329.6264415552505,332.18512,286.4844634309411
11.447437641723356,333.45726100724414,333.4398,285.551701284945
11.470657596371883,331.53726880965064,292.81915,284.61619255691767
11.49387755102041,322.0998454353212,0.0,283.67821953445673
11.517097505668934,285.3086524888604,0.0,282.7380034700036
11.54031746031746,298.7964641797571,0.0,281.79592583328485
11.563537414965987,280.4053878323266,0.0,280.8521621003747
11.586757369614512,293.6632677315665,0.0,279.90703270584345
11.609977324263038,293.66477,0.0,278.96066734939814
11.633197278911565,291.9735782093784,0.0,278.0134703889489
11.656417233560092,0.03478582305251621,0.0,277.06574700027704
11.679637188208616,0.0,0.0,276.1175887361169
11.702857142857143,0.0,0.0,275.1693923249841
11.72607709750567,0.0,0.0,274.22134087234735
11.749297052154196,0.0,0.0,273.27377770096064
11.77251700680272,0.0,0.0,272.326962210238
11.795736961451247,0.0,0.0,271.3811156526208
11.818956916099774,0.0,0.0,270.4365126863122
11.8421768707483,0.0,0.0,269.4934279695153
11.865396825396825,0.0,0.0,268.5520674958825
11.888616780045352,0.0,0.0,267.6128051057458
11.911836734693878,311.0832278539019,296.99765,266.6758010163903
11.935056689342403,286.9609060381117,282.10294,265.74136040359735
11.95827664399093,283.66194637262424,282.27618,264.80978844314814
11.981496598639456,283.66147,285.1577,263.8812148347497
12.004716553287983,286.95697075243993,287.7098,262.95593712478876
12.027936507936507,286.95746,287.70554,262.03429863601923
12.051156462585034,286.95746,285.2781,261.11648247390985
12.07437641723356,285.304955015205,284.58325,260.2027480378747
12.097596371882087,285.3047,286.65503,259.2932936921716
12.120816326530612,286.9571985287139,286.72546,258.3884398713708
12.144036281179138,286.95746,288.1966,257.4884459748864
12.167256235827665,290.29119948300877,291.70444,256.5934645906091
12.190476190476192,291.9731041064764,293.32666,255.70379326492548
12.213696145124716,293.6644892033804,291.96127,254.81963799148798
12.236916099773243,288.62062739900875,287.07224,253.9411971345544
12.26013605442177,282.028820136406,276.4538,253.0688369050622
12.283356009070294,274.0002999438666,266.59183,252.20263359695673
12.30657596371882,267.7418578403558,268.9289,251.34291527420282
12.329795918367347,272.4199773400833,274.0177,250.4898574128747
12.353015873015874,277.1817836607738,279.41116,249.64365837723017
12.376235827664399,280.40276127980223,282.65918,248.8046538606286
12.399455782312925,282.0274049508106,279.41278,247.97284386307
12.422675736961452,278.7889247269243,277.51846,247.14860985428095
12.445895691609978,278.78833,280.212,246.3320967927575
12.469115646258503,283.6605562880345,288.6678,245.52351830154657
12.49233560090703,290.2904838770819,294.1811,244.723088003695
12.515555555555556,295.36497876638896,298.21054,243.93092796951532
12.538775510204083,300.52786170489935,300.885,243.14723656326532
12.561995464852608,298.79827806965216,296.27487,242.37231133133173
12.585215419501134,290.29341797758207,286.67523,241.60625145584345
12.60843537414966,285.3056935099344,282.72247,240.84921715408564
12.631655328798185,283.6618005710146,285.53226,240.10139916092157
12.654875283446712,286.9567905033389,287.29495,239.36295769363642
12.678095238095239,286.95746,285.23135,238.6340682283044
12.701315192743765,285.30504217230043,285.18033,237.91494438797235
12.72453514739229,285.3047,283.5953,237.20562431961298
12.747755102040816,283.6618166181511,280.4388,236.50632164627314
12.770975056689343,280.40403362397706,280.01297,235.81719658523798
12.79419501133787,280.40334,281.12445,235.13835594803095
12.817414965986394,282.0273478445158,282.03503,234.46992943435907
12.84063492063492,282.0277,282.9799,233.8121001496911
12.863854875283447,283.6611094225598,282.93317,233.16493675857782
12.887074829931972,282.0280637683909,282.06674,232.52856133133173
12.910294784580499,282.0277,280.51773,231.90309593826532
12.933514739229025,278.789063918332,275.0455,231.28863213211298
12.956734693877552,270.8535836244264,266.3774,230.68529961258173
12.979954648526077,263.1429270534827,259.4996,230.09315941482782
13.003174603174603,257.1323968876036,257.7593,229.51233360916376
13.02639455782313,258.6201908897443,259.0372,228.94299004226923
13.049614512471656,258.62054,258.2897,228.38502953201532
13.072834467120181,257.13043181578723,255.23364,227.8386351838708
13.096054421768708,254.17703404732606,251.49223,227.30386040359735
13.119274376417234,251.25812,250.31374,226.78076622635126
13.14249433106576,251.25839148806347,250.54337,226.26939079910517
13.165714285714285,252.7144553119233,254.66985,225.7698638215661
13.188934240362812,257.131545606132,260.47757,225.2821166291833
13.212154195011339,260.11871,261.4796,224.8061644807458
13.235374149659863,260.1179113995677,258.3083,224.34225914627314
13.25859410430839,255.64925369711182,252.06686,223.89017937332392
13.281814058956916,251.25786703189056,247.7595,223.45005486160517
13.305034013605443,249.81147173006502,250.12766,223.0219390168786
13.328253968253968,252.7143949184474,254.50961,222.60574028640985
13.351473922902494,257.13175933505,261.77628,222.20156548172235
13.374693877551021,261.62557,263.10196,221.80930016189814
13.397913832199547,261.6250740536343,261.21698,221.4291121736169
13.421133786848072,258.6195766695573,256.57114,221.06073448807
13.444353741496599,252.71225291345127,246.79063,220.70428917557
13.467573696145125,244.10528,243.83955,220.35974571853876
13.490793650793652,244.10595086713738,245.81462,220.02712700515985
13.514013605442177,248.37330005613285,251.06287,219.70621941238642
13.537233560090703,255.65048543863213,258.2412,219.39709923416376
13.56045351473923,258.62054,261.5912,219.09971306473017
13.583673469387755,258.62009616490013,257.47855,218.81401512771845
13.606893424036281,255.64959699802353,252.06189,218.5398299470544
13.630113378684808,252.71342821088228,249.50792,218.27718041092157
13.653333333333334,251.2583289463106,251.2917,218.0259673371911
13.676553287981859,252.71405579659972,255.01933,217.7861449494958
13.699773242630386,255.65023681474258,258.29132,217.55747673660517
13.722993197278912,257.131,257.48953,217.3400771394372
13.746213151927439,257.1307989702851,256.18768,217.1336791291833
13.769433106575963,255.6498330040174,253.86194,216.9382216706872
13.79265306122449,254.17759,253.90341,216.7536513581872
13.815873015873017,254.17759,255.04472,216.5797469392419
13.839092970521543,254.17759,254.70734,216.41643211990595
13.862312925170068,254.17796205971263,255.53297,216.2635848298669
13.885532879818594,257.13118473751024,258.04263,216.121037222445
13.908752834467121,258.6203581717417,258.47632,215.98869011551142
13.931972789115646,257.13064524539027,255.87679,215.8662993684411
13.955192743764172,254.17673497360374,250.01463,215.75381157547235
13.978412698412699,246.94051281195698,241.79788,215.6509902253747
14.001632653061225,237.1544118620477,227.99236,215.5578276887536
14.02485260770975,222.55599291833414,218.86417,215.47389671951532
14.048072562358277,220.00014063727417,220.43282,215.39922020584345
14.071292517006803,221.27472870051042,222.55511,215.33351586014032
14.09451247165533,223.84553,224.11162,215.2766463533044
14.117732426303855,223.84539528371033,223.95734,215.22839806228876
14.140952380952381,222.55614856261025,222.03323,215.18853447586298
14.164172335600908,221.27419435530396,219.78297,215.15696404129267
14.187392290249434,218.73301497837895,219.07059,215.1333358064294
14.210612244897959,220.00024713986886,221.00638,215.11751244217157
14.233832199546486,222.5565249605179,224.08815,215.109318472445
14.257052154195012,225.14226,226.17628,215.1084639802575
14.280272108843537,225.1419087249733,223.37926,215.1147124543786
14.303492063492063,221.27411218359885,219.5621,215.12790367752314
14.32671201814059,217.47286289865656,215.47435,215.1477401033044
14.349931972789117,214.97519,214.18512,215.17396996170282
14.373151927437641,214.9755019178474,217.0307,215.20644066482782
14.396371882086168,218.73330440262862,221.76346,215.24484703689814
14.419591836734694,223.8456325731688,225.0053,215.2889067903161
14.442811791383221,225.1421599595019,225.06384,215.33839867264032
14.466031746031746,223.8453366672136,222.63503,215.39302513748407
14.489251700680272,221.27398862931977,217.47795,215.452580191195
14.512471655328799,214.97519,214.05852,215.51679680496454
14.535691609977324,214.9753631932067,215.93837,215.58536980301142
14.55891156462585,217.47342251964392,220.72322,215.6579711213708
14.582131519274377,222.55644919953284,225.15187,215.73447106033564
14.605351473922903,225.14226,226.27159,215.81448052078485
14.628571428571428,225.14202203949844,223.43199,215.89774773269892
14.651791383219955,221.27422355164344,219.3763,215.98398277908564
14.675011337868481,217.47300783173273,216.73434,216.07295677810907
14.698231292517008,216.22066984789103,217.15845,216.16423485428095
14.721451247165533,218.73302650930373,219.824,216.257755972445
14.744671201814059,221.27451634458725,222.34322,216.35303185135126
14.767891156462586,222.55628,223.01825,216.44983360916376
14.791111111111112,222.55621866255126,221.5077,216.5478408113122
14.814331065759637,221.27439150485054,219.97937,216.6467940583825
14.837551020408164,220.0,219.63799,216.7464034333825
14.86077097505669,220.0,219.64746,216.84627220779657
14.883990929705215,220.00005102768353,220.14664,216.94624779373407
14.907210884353741,221.27445,221.36792,217.04590294510126
14.930430839002268,221.27445,221.43063,217.14500115066767
14.953650793650795,221.2744064397823,221.14284,217.2431990876794
14.97687074829932,219.99979816640007,217.21925,217.34026024490595
15.000090702947846,213.73691883978745,210.57129,217.43572685867548
15.023310657596372,210.06504779813895,206.87953,217.52951500564814
15.046530612244899,206.45636,206.46289,217.62109825760126
15.069750566893424,206.45638919891758,207.32535,217.71034691482782
15.09297052154195,207.65237701865829,208.82648,217.7967879548669
15.116190476190477,208.85529481194374,209.75064,217.88027641922235
15.139410430839003,210.0651275510985,208.84065,217.96050713211298
15.162630385487528,208.85525002968745,207.88998,218.03703758865595
15.185850340136055,207.65235,207.23274,218.1096846833825
15.209070294784581,207.65235,207.13274,218.17805931717157
15.232290249433106,207.65237591869914,208.61853,218.2419554963708
15.255510204081633,210.06517145265343,211.26256,218.3010375276208
15.27873015873016,212.505981633239,212.18344,218.35500023514032
15.301950113378686,211.28204405811698,210.90668,218.4035308137536
15.32517006802721,210.06514293126384,208.73175,218.44638512283564
15.348390022675737,207.65234767081506,206.89514,218.48318169265985
15.371609977324264,205.26726232918486,205.32057,218.51381371170282
15.39482993197279,205.26726,206.41641,218.53781578689814
15.418049886621315,207.65233835407548,209.59163,218.55500481277704
15.441269841269841,211.282025187646,212.55476,218.5650527253747
15.464489795918368,212.50597924273598,213.16711,218.56766960769892
15.487709750566895,212.50599,210.9682,218.5626570954919
15.51092970521542,210.06518098716606,206.35675,218.54968712478876
15.534149659863946,205.26733028145463,204.50562,218.5285308137536
15.557369614512472,204.08502962715897,205.61203,218.49892113357782
15.580589569160997,206.4563160004277,208.7042,218.46055290848017
15.603809523809524,211.28195103584767,212.17953,218.41325066238642
15.62702947845805,212.50596250921387,211.66464,218.35664818435907
15.650249433106577,211.2820798812893,208.9003,218.29066918045282
15.673469387755102,207.65244570479354,205.92882,218.21493981033564
15.696689342403628,205.26732754636214,205.10228,218.12920067459345
15.719909297052155,205.26726,206.55685,218.03334496170282
15.743129251700681,208.85515437099775,210.35358,217.92700646072626
15.766349206349206,212.5058652197754,213.43524,217.81013939529657
15.789569160997733,213.73698551914947,213.6155,217.68231651932
15.81278911564626,212.50603688522074,212.09569,217.54350731521845
15.836009070294786,211.2820990053143,210.09251,217.39342949539423
15.85922902494331,210.06520110019324,209.55206,217.23190758377314
15.882448979591837,210.06515,209.576,217.05868981033564
15.905668934240364,210.06515,211.37346,216.8736006990075
15.928888888888888,212.50587320222007,212.84032,216.6765486970544
15.952108843537415,212.50599,212.50446,216.46721336990595
15.975328798185942,211.28211334833338,209.15718,216.2456176057458
15.998548752834468,206.45661919182749,202.34035,216.01145622879267
16.021768707482995,197.1336389684002,191.26553,215.76458428055048
16.04498866213152,184.99790923563705,182.92322,215.50481865555048
16.068208616780044,181.81925932242348,182.46097,215.23212883621454
16.091428571428573,182.8722751993356,184.2735,214.9463240876794
16.114648526077097,184.99707512082,186.08424,214.64731285721064
16.137868480725626,186.0688198804496,186.25545,214.33485863357782
16.16108843537415,186.06889,186.05435,214.00896904617548
16.184308390022675,186.06889,185.21541,213.6694686189294
16.207528344671204,184.99728639891316,184.36623,213.31628105789423
16.23074829931973,184.99721,185.45143,212.94932243973017
16.253968253968253,187.14661836272785,188.1819,212.56850121170282
16.27718820861678,189.3211522379645,191.13875,212.1736953034997
16.300408163265306,192.63033823129263,192.20284,211.76491234451532
16.32362811791383,191.5212099283791,190.21103,211.34199974685907
16.34684807256236,188.23118311260077,187.05835,210.9049956575036
16.370068027210884,184.99748473764703,183.8458,210.45380852371454
16.393287981859412,182.87252468072302,182.58688,209.98845360428095
16.416507936507937,182.87234,183.84642,209.5087783113122
16.439727891156462,186.06859968889648,188.23445,209.01483605057
16.46294784580499,189.32101826147846,190.56613,208.50661156326532
16.486167800453515,190.41793611168725,189.69162,207.98405907303095
16.50938775510204,188.23112145063192,186.84837,207.44724724441767
16.532607709750568,184.99752894830226,184.17305,206.89616844803095
16.555827664399093,182.8725537316236,182.88586,206.33073113113642
16.579047619047618,183.93160137340556,183.82501,205.7511336579919
16.602267573696146,184.9970986637917,186.8735,205.1572158113122
16.62548752834467,188.23056578846536,191.29837,204.54919121414423
16.6487074829932,192.6301230814097,192.13828,203.9269912019372
16.671927437641724,191.52124243261244,189.43843,203.29077599197626
16.69514739229025,186.06950230979146,185.27847,202.64054558426142
16.718367346938777,182.87270523009693,181.58295,201.97625420242548
16.741587301587302,180.77211409711117,181.54713,201.29816887527704
16.764807256235827,182.87209180041623,182.95284,200.60628197342157
16.788027210884355,184.99695476709053,186.27982,199.90073845535517
16.81124716553288,187.14651760183074,189.19954,199.18153832107782
16.834467120181408,188.23077554273345,188.33565,198.44884941726923
16.857687074829933,187.14691657470394,186.89317,197.7027938142419
16.880907029478458,187.14678,186.58127,196.94350121170282
16.904126984126986,186.0690299991112,186.05464,196.17109367996454
16.92734693877551,186.06889,186.1526,195.38567040115595
16.950566893424035,186.06889,186.5527,194.5873915925622
16.973786848072564,187.14663368513936,186.90196,193.7763564363122
16.99700680272109,187.14678,186.52579,192.95278618484735
17.020226757369613,186.06904052536038,184.10526,192.11684105545282
17.04344671201814,182.87279263559049,179.36005,191.2686660066247
17.066666666666666,176.64392424490325,172.54663,190.40842125564814
17.089886621315195,171.6150817107973,169.99828,189.5361983552575
17.11310657596372,169.6434806685338,169.24474,188.65237114578485
17.136326530612244,169.64319,169.85397,187.7569701448083
17.159546485260773,170.62577124721452,170.6572,186.85023949295282
17.182766439909297,170.62592,170.35344,185.93234703689814
17.205986394557822,169.64334259156738,169.796,185.0035292878747
17.22920634920635,168.66627362105726,168.88605,184.06400749832392
17.252426303854875,168.66612,168.32419,183.1138350740075
17.2756462585034,167.69482653216494,168.10712,182.15342400223017
17.29886621315193,168.66596157047547,168.65381,181.18288872390985
17.322086167800453,169.64302874559814,169.75006,180.20241234451532
17.34530612244898,170.62575589208814,170.58548,179.21221611648798
17.368526077097506,170.62592,170.49362,178.21264336258173
17.39174603174603,169.64335794669353,169.29893,177.2037246003747
17.41496598639456,167.69500680406873,167.47943,176.18584129959345
17.438185941043084,165.76887669589496,166.42303,175.15907738357782
17.46140589569161,165.76854,166.93762,174.1237456575036
17.484625850340137,167.6943257801745,168.81577,173.08005974441767
17.507845804988662,170.62539042950107,170.63629,172.02821800857782
17.531065759637187,172.60813794752357,172.04097,170.96846459060907
17.554285714285715,172.6085,171.64694,169.90100548416376
17.57750566893424,170.62628979691453,169.2506,168.82603142410517
17.60072562358277,167.69522247084433,167.42393,167.74379418045282
17.623945578231293,166.72900392615452,167.04488,166.65446159988642
17.647165532879818,167.69448418742354,168.28333,165.5583159700036
17.670385487528346,169.64281133327881,170.12888,164.45552513748407
17.69360544217687,171.61396308360736,171.349,163.34621880203485
17.716825396825396,171.61435,171.44164,162.23074028640985
17.740045351473924,170.62611787866626,169.8099,161.1091658845544
17.76326530612245,167.69526254645007,167.58122,159.9816558137536
17.786485260770977,166.729017131109,166.86276,158.84844658523798
17.809705215419502,166.72882,167.72234,157.70969841629267
17.832925170068027,168.66571702725173,169.05507,156.5656630769372
17.856145124716555,170.62550851935862,170.74036,155.4162947908044
17.87936507936508,171.61414053819226,171.7172,154.26182243973017
17.902585034013605,171.61435,171.47925,153.1024520173669
17.925804988662133,170.6261333228548,169.57938,151.93823692947626
17.949024943310658,167.69530834714215,167.86769,150.76931450515985
17.972244897959182,167.69467,167.92538,149.5957686677575
17.99546485260771,168.66590464968817,168.98047,148.41767571121454
18.018684807256236,170.62548172527,171.0171,147.23511192947626
18.041904761904764,172.60805275870553,173.31163,146.04819939285517
18.06512471655329,173.60818248186035,174.11053,144.8568465486169
18.088344671201813,172.60872947108498,171.3171,143.66125176101923
18.11156462585034,169.64387630575902,168.98598,142.46126244217157
18.134784580498867,167.69512478063507,168.07416,141.2569930329919
18.15800453514739,167.69467,167.7141,140.04829857498407
18.18122448979592,167.69523678356109,168.91615,138.83524773269892
18.204444444444444,170.62629947746177,170.73811,137.61777184158564
18.22766439909297,172.6085,172.49092,136.39563439041376
18.250884353741498,172.60831359723886,172.46355,135.16887352615595
18.274104308390022,171.61380296620518,170.29784,133.93735191971064
18.29732426303855,168.6659416481998,168.36066,132.70088646560907
18.320544217687075,167.69449456274504,167.5697,131.45924828201532
18.3437641723356,166.7289935508329,167.61061,130.2122924104333
18.36698412698413,167.6948426597213,168.12062,128.95975945144892
18.390204081632653,168.66663824254238,169.34555,127.70142052322626
18.413424036281178,171.61452281089305,171.39104,126.43690941482782
18.436643990929706,172.60815924472809,172.2124,125.16597435623407
18.45986394557823,170.62542191747661,170.00195,123.88824913650751
18.48308390022676,167.69467,168.0913,122.60332176834345
18.506303854875284,167.69467,167.84595,121.31084129959345
18.52952380952381,167.69515090726327,169.06354,120.01025841385126
18.552743764172337,170.6265665233468,172.05766,118.70125267654657
18.575963718820862,174.61412,175.28825,117.38306114822626
18.599183673469387,174.6138027052682,174.75278,116.05530998855829
18.622403628117915,172.6078840043274,169.76208,114.7172744050622
18.64562358276644,168.66567291333376,166.7455,113.36847374588251
18.668843537414965,165.7686862923705,166.02844,112.00803063064814
18.692063492063493,166.72911135118875,167.11853,110.63532707840204
18.715283446712018,168.66641090724443,168.80792,109.24960777908564
18.738503401360546,170.62606478926807,170.64084,107.85007927566767
18.76172335600907,171.6139238894648,170.05573,106.43576500564814
18.784943310657596,168.66570686928299,167.61325,105.00578758865595
18.808163265306124,165.76867503911126,166.25444,103.55926964432001
18.83138321995465,166.72936041710864,169.4747,102.09513542801142
18.854603174603174,170.62646526065373,173.06781,100.61233971267939
18.877823129251702,174.61425631920645,176.24821,99.10976097732782
18.901043083900227,175.62565,177.24945,97.58616326004267
18.92426303854875,175.625517632075,175.37033,96.04050896316767
18.94748299319728,174.61412,87.20177,94.47125694900751
18.970702947845805,174.6139923222221,173.70345,92.87727806717157
18.993922902494333,173.60841,0.0,91.25703880935907
19.017142857142858,173.60828696443957,0.0,89.60905144363642
19.040362811791383,172.60862108261506,0.0,87.93188927322626
19.06358276643991,173.60877154581704,0.0,86.22394249588251
19.086802721088436,176.6431499165626,0.0,84.48340294510126
19.11002267573696,177.64584677261882,0.0,82.70869133621454
19.13324263038549,0.0,0.0,80.89796135574579
19.156462585034014,0.0,0.0,79.04929802566767
19.17968253968254,0.0,0.0,77.1607558503747
19.202902494331067,0.0,0.0,75.23030541092157
19.22612244897959,0.0,0.0,73.2559478059411
19.24934240362812,0.0,0.0,71.23534844070673
19.272562358276645,0.0,0.0,69.16632530838251
19.29578231292517,0.0,0.0,67.04645989090204
19.319002267573698,0.0,0.0,64.87345574051142
19.342222222222222,0.0,0.0,62.64472649246454
19.365442176870747,0.0,0.0,60.357640005648136
19.388662131519276,0.0,0.0,58.00957939773798
19.4118820861678,0.0,0.0,55.59766075760126
19.43510204081633,0.0,0.0,53.11909172683954
19.458321995464853,0.0,0.0,50.5707900300622
19.481541950113378,0.0,0.0,47.949864126741886
19.504761904761907,0.0,0.0,45.25303337723017
19.52798185941043,0.0,0.0,42.47709343582392
19.551201814058956,0.0,0.0,39.61857292801142
19.574421768707484,0.0,0.0,36.674030996859074
19.59764172335601,0.0,0.0,33.63999626785517
19.620861678004534,0.0,0.0,30.512585379183292
19.644081632653062,0.0,0.0,27.288159109652042
19.667301587301587,0.0,0.0,23.96276543289423
19.690521541950115,0.0,0.0,20.532368399202824
19.71374149659864,0.0,0.0,16.992809988558292
19.736961451247165,0.0,0.0,13.339832998812199
19.760181405895693,0.0,0.0,9.569096304476261
19.783401360544218,0.0,0.0,5.676037527620792
19.806621315192743,0.0,0.0,1.6560256257653236
19.82984126984127,0.0,0.0,-2.4956238493323326
19.853061224489796,0.0,0.0,-6.783900521695614
19.87628117913832,0.0,0.0,-11.213877938687801
19.89950113378685,0.0,0.0,-15.790507577359676
19.922721088435374,0.0,0.0,-20.519191049039364
19.945941043083902,0.0,0.0,-25.4054062590003
19.969160997732427,0.0,0.0,-30.454615853726864
19.99238095238095,0.0,0.0,-35.6726181730628
20.01560090702948,0.0,0.0,-41.065219186246395
20.038820861678005,0.0,0.0,-46.638453744351864
20.06204081632653,0.0,0.0,-52.398524545133114
20.085260770975058,0.0,0.0,-58.351603768765926
20.108480725623583,0.0,0.0,-64.50429084151983
20.13170068027211,0,0.0,-70.86315467208624
