0.31681979808097915,330.1785051277873,331.4645000647928,331.4645000647928
0.3198334405741142,330.6741623609541,332.1850077780583,332.1850077780583
0.3228395560140269,331.16858161105466,333.12676995604033,333.12676995604033
0.3258365858644333,331.7881105334918,334.20231754856525,333.32054856203064
0.3288228247426034,332.778965684706,335.5391364464403,334.4680833021142
0.33179718909211925,333.7658807834444,336.876099781092,335.7364312169369
0.33475988555270714,334.74892439422763,338.1871645186465,337.0627424873943
0.33771117116579114,335.73211784394687,339.4860972795817,338.375628178032
0.3406508015555838,336.71883858623227,340.8743773959605,339.71436086539336
0.34357756070806145,337.70123894971033,342.47909477882814,341.1679094075938
0.34649059605468613,338.67903275994775,344.0937833683653,342.71994292001744
0.3493888154946868,340.0301178845684,345.99030003687506,344.4475194221382
0.35227063957743604,341.99860727277155,348.02052717047735,346.32491334251284
0.35513562541642274,343.95559495122046,350.06921481784394,348.32763466304334
0.3579834178685102,345.9008383320695,352.2358402493141,350.41981536585854
0.36081374034977864,347.8485764195292,354.4040720528853,352.5561646458021
0.36362694555918806,349.8151062075158,356.5351670776949,354.70875511457564
0.3664235508459689,351.77003206336906,358.62369596518295,356.8321457955679
0.36920402257370144,353.7136799917008,360.68461356318517,358.9205234692855
0.3719699486114919,355.6545122301664,362.40461188285195,360.84896235701524
0.37472331008004056,357.6241996729438,363.98364984189834,362.60061148713885
0.3774649416356792,359.5854958229586,365.51217780342034,364.19592183687064
0.38019602412958586,361.5392454322581,366.8004469173833,365.6392315815307
0.38291767578497204,363.4862484503741,368.0495751188906,366.97447805204354
0.3856302983754314,365.00701136587315,369.2462343142319,368.2123690313402
0.38833455321771165,366.48754547172064,370.33062375323567,369.3767783937341
0.3910309273386324,367.96376501498725,371.4077730946419,370.48764838456515
0.3937196623405286,369.4358022688936,372.4378770479905,371.54741587121936
0.39640114090734546,370.60953289483166,373.4205820223279,372.57043378741446
0.3990755893004358,371.5998689258555,374.39845422328233,373.5635906360076
0.401743342940029,372.5877259202211,375.2970362395636,374.5102344723275
0.40440485737460297,373.5732725654502,376.15581561136395,375.4133013548834
0.4070603296938536,374.4262097297153,377.006828540175,376.2793377961422
0.40971003151099183,374.9210626549546,377.79590920316326,377.10700574859703
0.4123542657993051,375.4148944756246,378.5675076934164,377.9051661154341
0.41499340569312865,375.9077748775352,379.25577192137786,378.64719670743256
0.4176292171703899,376.40003367113434,379.5239310462645,379.1851448799809
0.42026337246897894,376.8944750084237,379.73280390526304,379.5391978573591
0.4228965338427335,377.38908749654695,379.8104739387328,379.7098495625215
0.4255305041063638,377.8838519263773,379.4996681355481,379.6627220434028
0.4281667223727731,378.37903862058494,379.16300381780843,379.44321378976895
0.43080565423629924,378.64263,378.71965017160994,379.0696068986097
0.43344832988851606,378.64263,378.08960277323473,378.57772350570497
0.43609542872127577,378.64263,377.4550659459229,377.9948050304676
0.43874733572818236,378.64263,376.71990896723054,377.3202079913275
0.441404763103102,378.55843424492343,375.8885946783586,376.5720344498089
0.4440680911302306,377.56075753034764,375.0525056660201,375.7639848966126
0.44673773907903447,376.5607133872655,374.11112800517105,374.885997185302
0.4494143062644448,375.5580773136458,373.11597626952744,373.95019766390055
0.4520980020038462,374.5527708996651,372.1263020398382,372.97139548310236
0.4547885707386885,373.9224510472573,371.2120856068943,372.01120985707473
0.4574857109913804,373.42164019087954,370.3151391048899,371.08427905569744
0.46018951321431556,372.919592325407,369.3851040246454,370.1692418430205
0.4629005895312269,372.41619379037616,368.33078856758243,369.19695115345434
0.46561949468923725,371.68880743196945,367.2609713943248,368.16888066564104
0.46834613467490166,370.6849600456194,366.24394873589705,367.12476661254493
0.4710800050660709,369.67845069300074,365.3207923042324,366.13236597758936
0.473820790074586,368.6693956355635,364.39831734708105,365.1848681891152
0.47656805229680016,367.6603159751851,363.6000471976964,364.313118094291
0.4793210427773915,366.65841002445916,362.8833752641497,363.51571152640946
0.48207942604840115,365.6545414556824,362.17970959391147,362.7829672179334
0.48484263985179266,364.6489148934898,361.61560887385565,362.1330888188691
0.4876100339106673,363.6417669955448,361.0863374797593,361.5466552126832
0.4903814787823898,363.13997969320957,360.5592875922053,361.0091587111805
0.493156944662935,362.6392961669207,360.04082834869916,360.4850468891433
0.49593641038410585,362.1378910845417,359.5222960877474,359.96430443676985
0.4987196471434351,361.6358057211705,359.0658011782702,359.4712164719819
0.501506161403149,361.1354934938645,358.6770131159597,359.0261981781698
0.5042956668364982,360.63517491125634,358.29616084709636,358.62290331719555
0.5070875888621913,360.13442289480656,358.0563038056662,358.2977544580154
0.5098811841027994,359.6333707747956,357.8670735877352,358.04166376000404
0.512675877740297,359.13401761588085,357.77488671617107,357.8789262385188
0.5154697530115728,358.63580059022314,358.07681086699245,357.9228062852788
0.5182611115383999,358.13803236231473,358.4203501256139,358.13841242522847
0.5210487532324004,357.6409269375797,359.0324919158731,358.58111925050787
0.5238302299218269,357.6371791144405,360.0113577497048,359.2731046568837
0.5266040731428527,358.131823930345,361.0113127420139,360.16442367538383
0.5293679345260623,358.62468873781506,362.61754442329095,361.40732113799726
0.5321185615430781,359.1151935306384,364.4942417798072,362.96537601365935
0.5348550229720707,360.03674805870526,366.38152156467163,364.775468614518
0.5375769935631547,362.00660371124565,368.38574127160786,366.7078988780419
0.5402841543332119,363.9657416838234,370.4011479823409,368.6860306561546
0.5429764408191713,365.9141153253304,372.46759439936193,370.71942098322296
0.545653275478428,367.8513066754959,374.69013176028574,372.83645163462035
0.5483142919755568,369.82178038093264,376.9089025600564,375.0165034360152
0.5509586137498496,371.7801728308964,379.4371545757334,377.36309875014814
0.5535838648616227,373.72444149234946,382.4063009591909,379.99086977795656
0.556188875731099,375.6537201710837,385.3561478937625,382.836462126879
0.5587736223381177,377.88096606611316,388.4262724433056,385.8406653164746
0.5613376970568212,380.3172058692761,391.59507131072706,388.9196819333523
0.563881196108664,382.7338958292861,394.73583228771923,392.05110807377724
0.5664055255849059,385.1323719350944,397.5638656557449,395.07105619868275
0.568912633639586,387.5241500892862,400.1765625396941,397.89286382312724
0.5714034921385598,390.95445485831215,402.76781609249787,400.55325415734825
0.5738799219855724,394.3648890993039,404.8517978574555,402.942233916745
0.5763446727366617,397.75923938431833,406.59301385879877,405.0187928049024
0.5787989127916082,401.1391147840194,408.3268835878613,406.84690381298014
0.5812426925402385,403.9329442882207,410.0812365977173,408.5910952203433
0.5836759958113369,405.41110581381986,411.8505346089967,410.34620056696804
0.5860988901115182,406.88294418993183,413.6122640726766,412.10847671410374
0.5885121411630083,408.3489245707145,415.14812016724454,413.77962031768186
0.5909172125565353,409.8099360453039,416.43000174112524,415.27063396780073
0.593314903835787,411.2792574655164,417.707699759416,416.6174172374398
0.5957058931778967,412.7571009994417,418.7674676869994,417.8068969708411
0.5980919282878021,414.231882378342,419.44371095501793,418.7666446519032
0.600474143702904,415.70430284698324,420.1114579482533,419.5400024721095
0.602852866293823,417.17456444040795,420.67632889206624,420.1678156810985
0.6052292421769149,418.0250893483941,420.94145249560273,420.6368232361221
0.6076041769434962,418.52007812095894,421.187012756512,420.97255132947396
0.6099778382034505,419.014801466662,421.3932465083869,421.2071255372059
0.612350907825054,419.5094015018871,421.3970289361938,421.3407025848652
0.6147240372489635,420.00401400123144,421.37200911644584,421.3857827994954
0.6170973762470467,420.13031,421.322611621472,421.3583268171283
0.6194717004811465,420.13031,421.0224334491469,421.2125445003484
0.6218479052225493,420.13031,420.6560398520594,420.95100739717986
0.6242261805114029,420.13031,420.28966100881115,420.60198782701343
0.6266065050314369,420.13031,419.9320589480111,420.2392021558928
0.6289888466881779,420.13031,419.5782395000951,419.88084823940306
0.6313731988807625,420.13031,419.2241666988076,419.52593279738153
0.6337595405439473,420.13031,418.8789306992525,419.17554808949154
0.6361478310465769,420.13031,418.5402713995895,418.83068960911004
0.6385380555866687,420.13031,418.20133785365243,418.49019287739566
0.6409301877944817,419.6342263805916,417.87298193095046,418.15566635639743
0.6433241613984768,419.13526949450414,417.55823608181134,417.83011387414325
0.6457199407423526,418.63593625240907,417.24330344827575,417.5117216186613
0.648117496576619,418.1362327505451,416.93967422604817,417.20147052337217
0.6505167321894108,417.71053,416.6592502267373,416.90438680921
0.6529175816863018,417.71053,416.3793173442359,416.6180774714331
0.6553200539071844,417.71053,416.0965853154863,416.3368685803225
0.65772418309913,417.71053,415.8055651411401,416.0514739728853
0.6601299977786635,417.71053,415.5137644103429,415.76230783818295
0.6625375308911199,417.5514818653072,415.2121986975289,415.4667098016938
0.6649469447864854,417.0522019142403,414.86533720097725,415.14914154984416
0.6673583916598957,416.5525006884473,414.5124045274752,414.811672727326
0.6697718448906764,416.0523837042777,414.17584365845266,414.46704224961417
0.6721869053500917,415.5519336693875,413.96082970075133,414.17600144471226
0.6746031495282738,415.0526974841826,413.77012738547785,413.9390701178233
0.6770204085321115,414.5546755038208,413.61331339103566,413.7558796343848
0.6794373964316158,414.0567093784241,413.8629774406316,413.75676626236316
0.6818525815812935,413.55911466917985,414.2310489707998,413.9483407760525
0.6842655727430856,413.0619719819116,414.6159285567178,414.2922431538368
0.6866751720301474,413.2599118856737,415.3983347641569,414.83563481591926
0.6890797601289949,413.7553233103663,416.3460282093283,415.58151241678405
0.6914788784765564,414.2496078155343,417.29462635045473,416.48622260941715
0.6938718360494991,414.7426230313248,418.4929085844251,417.53691299949145
0.6962575067779431,415.2341369563053,419.84794088355426,418.7339461538465
0.6986355025580044,416.15074147277625,421.1986139042777,420.0460770922759
0.7010050975392084,417.1356459721085,422.830637333963,421.5132010749426
0.7033647011890551,418.1163976490023,424.7737946897727,423.1989415801972
0.7057135588827116,419.09268284926804,426.70832319582473,425.05695362351605
0.7080512377874076,420.06432166918967,428.84651280377733,427.07721309913603
0.7103760817144003,421.962445721098,431.43407238774864,429.3461514246304
0.7126870225993378,423.9171075958059,434.02202678019273,431.81600528065957
0.7149842359727883,425.8601583369216,436.6056808095585,434.40209367289833
0.7172677896175947,427.79165527717055,439.2300860589914,437.00357698604984
0.7195377593531609,429.71166254683794,441.8467001814146,439.61410030603497
0.7217943562928428,432.52881429018856,444.4512633073866,442.2278190697839
0.7240376026225329,435.45839738839476,447.12177398768506,444.86257079905715
0.7262674440043835,438.37047420202435,449.81107351927005,447.523484109076
0.7284840322941062,441.2652430480968,452.48438916303587,450.2013046436764
0.7306878623570189,444.14335019940535,455.0337614640746,452.82801633067055
0.732879840067697,446.7413160667492,457.3903621771501,455.33089361178395
0.7350605878053887,449.1911917423019,459.73224045365805,457.7320235788467
0.7372304051107567,451.628788051557,462.00997627442024,460.0514755863618
0.7393905628584054,454.05553270883814,463.85199773769676,462.1674641998255
0.741542390941154,456.4729197301709,465.59354576671177,464.0825937592204
0.7436861999599114,458.75139404519336,467.32860369305655,465.8478355977672
0.7458224514088003,460.7218366854572,468.8933883819184,467.51481173240126
0.7479520658734112,462.68615748232526,470.24568116801703,469.0371714086507
0.7500755752196722,464.6448470200422,471.5934017355111,470.44332591571816
0.7521931517072029,466.5980641880028,472.88428201485425,471.76895055360404
0.7543060110192202,468.54693031209274,473.70098157632793,472.88040340120426
0.7564154803729997,469.6926636815917,474.4052803436819,473.7754123337093
0.7585218226554082,470.68105527280835,475.1085350605862,474.50876538704154
0.7606256487436454,471.66826615128815,475.54058193567784,475.10114319840295
0.7627285973524105,472.65506527649364,475.5050092223929,475.41267918430754
0.7648317215029282,473.64194677387275,475.46120157020493,475.49638581432504
0.766935082929687,474.31216,475.39773473354524,475.4466811032953
0.7690394782886107,474.31216,474.9941923822573,475.24899556312494
0.7711459371569735,474.31216,474.46684244823354,474.8839125342246
0.7732547398751859,474.31216,473.9389057336693,474.3887962364348
0.7753660749834854,474.31216,473.3293986486393,473.82758295182146
0.7774806119718387,474.31216,472.5048577155702,473.1513427475534
0.7795988711172785,473.9053555837187,471.66742529475863,472.3779207386656
0.7817209012025661,473.40604062521805,470.82703037848546,471.5426555542039
0.7838468508296226,472.905803396176,469.9298875673052,470.67978035194216
0.7859769306701243,472.4045943254201,469.0029689006706,469.7853190150596
0.7881112286764104,471.90239271771185,468.07421467061846,468.86545812878296
0.7902498349159865,471.22115918927335,467.1152867037078,467.9248190723902
0.7923930503869001,470.22125779468837,466.06318712345217,466.93562044082546
0.7945411309527433,469.21908662589226,465.0017975356709,465.9041519363957
0.7966941277041132,468.21462184694303,463.93719206900187,464.8438810887492
0.7988521509559502,467.2078119912178,462.8381847646036,463.7660200174733
0.8010153497656302,466.19858751709546,461.7198896276498,462.66813129651393
0.8031838006546086,465.1981319608094,460.59887935660277,461.55378250330693
0.8053574603934597,464.19567416384837,459.5096211576759,460.446497542891
0.807536060048297,463.1909381550733,458.5123549071995,459.3866125498223
0.8097193955870152,462.1840180308928,457.51833281622686,458.36654683725374
0.8119074452765116,461.1749238142731,456.53874123898635,457.3775879641704
0.8140994899047567,460.17140171856227,455.8519589455876,456.5142151390008
0.8162945802317125,459.1706901004636,455.2726467151315,455.7946755182595
0.8184924672694911,458.1687035002021,454.6925963971681,455.1868719239548
0.820693015797254,457.16550356310614,454.17200302270726,454.63138280251064
0.8228958495608681,456.16126181828207,453.74963222241735,454.13544931752904
0.825100732240748,455.3378829027128,453.3283042823696,453.6877426208346
0.8273075976439728,454.83918264403525,452.93465784426445,453.2774860215193
0.8295159065398199,454.3401561895946,452.7357853610145,452.9564042529273
0.831725094584171,453.84093106803743,452.5742305991628,452.72173766733766
0.8339350684651563,453.3415283656762,452.413869036729,452.55088366684794
0.8361451117396422,452.89298,452.54580555434393,452.5100034291768
0.8383539645850165,452.89298,452.90170453545835,452.65705949280334
0.8405610830321193,452.89298,453.2573240635259,452.9540996912592
0.8427662017750703,452.89298,453.72355162619084,453.35512368020704
0.8449682015430237,452.89298,454.542495935828,453.93689534321203
0.8471661776876716,452.89298,455.38626950062445,454.67349970903655
0.849360058761006,453.30653072048125,456.2409751800457,455.5152410571621
0.8515492254644066,453.8012314845962,457.35000174383424,456.471309167324
0.8537328558525928,454.2946811702243,458.55751037276536,457.55399011600906
0.855910751181109,454.7868348657404,459.7618476160992,458.73436763539576
0.8580827578683319,455.27765786526925,461.0474252930148,459.9728319772394
0.8602483464348174,456.2766884956487,462.4912927490929,461.3019735482823
0.8624071858257685,457.7572488138379,463.9346670238211,462.704120250256
0.8645592334122278,459.23315122358724,465.41517088629195,464.1628409281837
0.8667033132061697,460.7035892169124,467.3901150189679,465.8362453373963
0.8688380402961288,462.1676130033991,469.5025571610546,467.7378518620722
0.8709632053000846,463.6276346951269,471.6055370381311,469.810350975047
0.8730788865225922,465.1039574166512,473.72119565947173,471.92100896436546
0.8751850697358432,466.5736524256799,475.8686671723207,474.0463800837303
0.8772817886338584,468.03674323390686,478.00743742347754,476.1819411407361
0.879369180790345,469.4933258402884,480.13059834047147,478.3165964219421
0.8814476665020026,470.94369352793393,482.11247751704985,480.3859492378906
0.8835177571306773,472.95829629838636,484.0326139134794,482.3795815020579
0.8855796680557737,475.412407189938,485.9451631316493,484.3128032267808
0.8876336425809241,477.85707208393956,487.78020622529164,486.19557771935985
0.8896804763350253,480.2932379473609,489.3412138144037,487.93864065528385
0.8917208555051304,482.7217214881889,490.8711416081998,489.5587887884875
0.8937548949692489,485.142659435596,492.3963157304989,491.0949204337201
0.8957827661675483,486.7234545116713,493.8617944845753,492.5968761058287
0.8978047773941403,488.2011458892223,495.254357787058,494.0481292796056
0.8998211193881833,489.6746941760007,496.6428128227332,495.4581342305361
0.90183186781911,491.14415467143647,498.0135886374342,496.84042126202377
0.9038378415919861,492.6101258336088,499.00941447704935,498.06216622686304
0.9058401522965582,494.011889403673,499.83725264269975,499.0874921935644
0.9078391522130429,494.9999652753987,500.6637219914397,499.9588317093897
0.9098349406018525,495.9864537368494,501.44713982934843,500.7680160302575
0.911828166899405,496.9716757947693,501.95147462947074,501.4483477735537
0.9138194940661442,497.95595914062693,502.4040323298271,502.00466455909304
0.9158090290886496,498.93935665629454,502.85618273970783,502.47063621575035
0.9177970222694009,499.77327578930937,503.18359204028235,502.8717700504664
0.9197844184151691,500.2687177287387,503.1583018603105,503.0873493630939
0.9217719568630183,500.76419514293684,503.11154236976853,503.1457716245071
0.9237596800510635,501.25971861138606,503.0647785329324,503.1046416472731
0.9257478772485928,501.75536024660266,502.87169304640173,502.9979110612294
0.9277372124640438,502.25128558057133,502.4894314164044,502.76567381745997
0.9297280636844325,502.51623,502.10612584158343,502.4326043132802
0.9317204397752483,502.51623,501.720563443416,502.0486476324515
0.9337145298316127,502.51623,501.24339313034864,501.6261329605308
0.9357106193228429,502.51623,500.7159693956948,501.1523952884262
0.937708813593839,502.51623,500.18798951821685,500.6379248517196
0.9397091277981653,502.51623,499.6552168870442,500.1081266044518
0.9417116518021444,502.1917386323936,499.0846976678792,499.56114117589084
0.9437164850521115,501.6919497625646,498.50484039253723,498.99669562891347
0.945723653030301,501.1915788636917,497.9243078444785,498.4190109286685
0.9477331268609712,500.690633134266,497.361427734489,497.84589010708845
0.949744759089165,500.1891493336272,496.8563463375689,497.30206784656826
0.9517584294908707,499.6871574326583,496.3551085643772,496.7834013870923
0.9537741354302107,499.1871767308072,495.85336411026526,496.28094779418484
0.9557919147898815,498.6870576900508,495.3355566406688,495.772753036919
0.9578118444552147,498.1864056827933,494.79822046592733,495.25115524960347
0.9598339701870879,497.6852093669194,494.26025407331196,494.7186830721647
0.9618582993780692,497.1834669101356,493.72164299939794,494.1806177689511
0.9638848422372185,496.68153949747017,493.18104749849715,493.6413625020226
0.9659136101340638,496.18159237399124,492.6392659902511,493.10080143797694
0.9679446116349495,495.681094825835,492.09688799907127,492.5590865534058
0.9699778631598038,495.18004280665593,491.54954963984454,492.01483207904204
0.97201342684526,494.6784210041893,490.9796078936164,491.45953111676124
0.9740513625521663,494.1762146669897,490.40595622340345,490.89399766713
0.9760916849281762,493.6746291232306,489.83163273770214,490.32104375751607
0.9781341364494021,493.1742091491377,489.38398006664363,489.7988107540097
0.9801780203771874,492.6734382218664,489.1452269373511,489.40354751753904
0.9822228960195643,492.1724243151239,488.9094160020073,489.1112068830082
0.9842687395950496,491.6711732555991,488.68248385665885,488.8782630730202
0.9863149010614595,491.16984430978596,488.75749075420464,488.772747574105
0.9883604403386694,490.6708001160539,488.9798353928964,488.8289416657878
0.9904050499085908,490.1727378036194,489.202078974875,489.012598922903
0.9924486075877835,489.67493172941073,489.4833702205797,489.25906887374305
0.9944903357239567,489.17757132778445,490.0793369143085,489.6538375552016
0.996529487835702,488.68083843994,490.72089088994943,490.18594973875713
0.9985659774942968,488.23638588027956,491.36160720981263,490.815203093004
1.0005994847593946,488.73174369612207,492.1614699489808,491.52136306819614
1.0026291231882856,489.22615907212867,493.23689148054643,492.3924164155783
1.0046543358881221,489.7194963504488,494.3148768990798,493.3966110044527
1.0066751306293646,490.2117574239492,495.3959261682042,494.4751796045156
1.0086908959701513,490.70279334676167,496.78499868871575,495.68166427815163
1.0107006780596581,491.5049968672212,498.3502243489393,497.0621377244109
1.0127041674675605,492.9861657148355,499.91054924562644,498.57915077276874
1.0147013126210491,494.4626442895879,501.52150593018223,500.1615118483626
1.0166910857597538,495.9336727738136,503.6225982755931,501.96006333481137
1.0186723629116352,497.3984202210833,505.83212648611436,503.9770364352071
1.020645023029993,498.856797142228,508.0320449461953,506.1541840292894
1.0226092554640156,500.5566569359928,510.18193098577586,508.3361179892808
1.0245655472929691,502.5244253400083,512.1642700995851,510.4304605138405
1.0265143266011698,504.48463715111006,514.1229428142016,512.4470470183468
1.0284557095921658,506.4374092545536,516.0741816626886,514.408880646633
1.0303898150068216,508.3828610877961,517.9992022920417,516.3513241898695
1.032316841448206,510.32119241901023,519.8726575804494,518.2620883927065
1.034236951721859,512.2748305697294,521.7375240353098,520.145549002695
1.036150223185302,514.2443087082831,523.595748440554,522.0099461148727
1.038056772797212,516.2068675257174,525.4228844670889,523.8571715582501
1.039956791312553,518.1627033808538,527.201441897537,525.6725526529356
1.0418504227175713,520.1119644898611,528.9732832447769,527.4610995171079
1.0437377323113166,522.0547180700953,530.739209371803,529.2322781893639
1.0456185325341685,523.8171844841766,532.6413533916736,531.055582854825
1.047492264872821,525.2932966182892,534.7511297467255,533.007092810663
1.0493586298154927,526.7636047736904,536.8547827436591,535.0598986523404
1.0512177098291784,528.228173917254,538.9502246120429,537.1617925593748
1.0530698948091313,529.6873112055049,540.858903818565,539.1828460918612
1.0549160584588924,531.1417049354704,542.4710759096542,541.018992916481
1.0567567584460051,532.6618884973105,544.0744606947027,542.7053360107817
1.0585920497682788,534.6290488997771,545.6731341357971,544.3090947843189
1.0604221389199933,536.5906333460963,547.1718562746271,545.8680403392929
1.0622475632536,538.5472177984881,548.4653337633554,547.3088625532652
1.0640687033927052,540.49921022907,549.7492905768765,548.6522727882467
1.0658856000776376,542.4466543054381,551.0302556317961,549.9375006974773
1.0676984370020404,544.3897469199648,552.2142096647656,551.1794918604112
1.0695078850810713,545.9800793825319,553.0959099305355,552.2650169125808
1.0713144896621105,547.4620335413829,553.9538685474159,553.2162666710224
1.0731183005075957,548.9416960044935,554.8105004160194,554.0799088563505
1.0749194293644628,550.4191584376538,555.6047903661148,554.9113387579004
1.076718537404686,551.8949631989243,556.057370426448,555.5819356498329
1.0785162674404354,553.369637585855,556.4568659288894,556.1023885673611
1.0803127077618742,554.5264411829079,556.8560748282546,556.5156904279889
1.0821079051896705,555.0230057799449,557.2276418153158,556.9036458493479
1.0839024442189464,555.5193882591875,557.2646983251764,557.1453687161933
1.0856970231812713,556.0157817842004,557.2028442842493,557.2296285681115
1.0874918013785555,556.5122304190445,557.1409833763178,557.1937154638647
1.0892867876903711,557.0087366198738,557.0736455262518,557.129611708699
1.091082400543129,557.5054161264609,556.7522905096966,556.959605037517
1.0928792741438258,557.57667,556.2922446734951,556.6480369746122
1.094677634965071,557.57667,555.8318180704435,556.22421300633
1.0964774867057807,557.57667,555.3710097538711,555.7637298365833
1.0982789741534318,557.57667,554.8229524668376,555.2672638668108
1.1000823870944025,557.57667,554.1857580766125,554.7055599559674
1.1018878759666924,557.57667,553.5478280942374,554.0914443173374
1.1036954479591943,557.3704737010651,552.9091620870213,553.4534056276407
1.1055052210535927,556.8698773691889,552.202205002526,552.7869445296946
1.1073175128220285,556.368584353851,551.3734789324859,552.0479945369673
1.1091325365677571,555.8665356538277,550.5411080934839,551.2497141152005
1.1109503086380648,555.3637267473414,549.7074768713077,550.4177827306909
1.1127709333217002,554.8601287873695,548.8172939353133,549.5613051689298
1.1145947732048964,554.3461888589103,547.7711941778507,548.6220551326794
1.116422118153344,553.3439932477911,546.7139318933948,547.6122767845393
1.1182530037783418,552.339855775338,545.654621050028,546.5571028026919
1.1200874441301378,551.3337687357828,544.5971712786078,545.4990920206569
1.1219254269794177,550.3257388362143,543.5532657341022,544.4467050118877
1.1237669437825377,549.3157707623392,542.508966094326,543.3990853688184
1.1256120122598174,548.3038547955617,541.4626523475498,542.354063644605
1.127460609004129,547.2981342766064,540.4400357156132,541.3179901205006
1.1293124832830832,546.2941520410097,539.54762237394,540.3425198560911
1.131167393437853,545.2885239240359,538.6724264978604,539.423011170084
1.1330253222325015,544.281259270042,537.7958063472895,538.5427155184013
1.1348862036972656,543.272393844129,536.9643193973797,537.6849661614104
1.1367494848199753,542.2622274584392,536.4113009079325,536.9557674131563
1.1386146076197146,541.2562600461855,535.9043917720572,536.3486052921008
1.140481496301978,540.2557636885493,535.3970026989045,535.8294052039454
1.1423501029496574,539.2543466449838,534.9194283547889,535.3343611672251
1.1442200349991252,538.2522192967954,534.63822686417,534.9294472439753
1.146090889044478,537.249597835844,534.3923107138683,534.6111993247005
1.1479626044143212,536.2465147769284,534.1462813458066,534.3559816024467
1.1498350624434122,535.48155,533.9684770889072,534.1379430419787
1.151707340191221,535.48155,534.2491740785428,534.1301540208955
1.1535784858518798,535.48155,534.614825184534,534.3254056492905
1.1554483526117374,535.48155,534.9802263733293,534.6686712832885
1.1573168152008686,535.48155,535.4186926233205,535.0640827213465
1.15918285764672,535.48155,536.3691314968743,535.6932092108448
1.1610454284513763,535.4936877700649,537.4165726862427,536.5491152306014
1.1629043760901343,535.9903694380153,538.4619763406536,537.5702781342817
1.1647596718436857,536.4860753794859,539.5343351962747,538.6272634377019
1.166610891152396,536.9806921587979,540.836258924084,539.7866360406235
1.168457579454257,537.4740983241086,542.1852238097553,541.0476251945239
1.1702996845288949,537.9662799229525,543.5308407494595,542.3828793068351
1.17213720655423,538.4572370028671,544.8931921611676,543.7362327864665
1.1739697756547338,539.6861694016445,546.4731257205441,545.1833678398082
1.1757969602190625,541.1677894557722,548.1094955070171,546.7293602731966
1.1776187059260175,542.6449992711567,549.7409944215673,548.3489308558727
1.1794350467499446,544.1178263967788,551.3763648605377,549.9832940665092
1.1812457063994395,545.5860467945781,553.1964525093589,551.6933527981935
1.1830503029240282,547.049350750094,555.0877523693999,553.4941753637833
1.184848771584072,548.5165985099375,556.9726299464811,555.3641645278651
1.186641175370545,549.9954227206194,558.8505344160893,557.24786880725
1.1884277381014048,551.4694277635883,560.6203715452918,559.0833123950456
1.1902087956872314,552.938890782143,562.3104907448343,560.8488237735102
1.191984515973565,554.4039502573836,563.9955451603131,562.5577768627735
1.1937549466580661,555.8646455423042,565.675580053821,564.2421025650677
1.1955201366143071,557.3210169600853,567.3494283470329,565.920918562578
1.1972801371346806,558.7940195307169,569.0163171232139,567.5935373095434
1.1990349969144358,560.2671751918397,570.6783047553997,569.2602428672426
1.2007847607885214,561.7360529828029,572.3354661717708,570.9215380880931
1.202529301033414,563.2005456832843,574.1011091773289,572.6244250648365
1.2042677446892291,564.6599204678978,576.3576287786235,574.5627928157458
1.2059993215624276,566.113530780727,578.6635559638534,576.7108069099355
1.2077240254678379,567.7296231260127,580.9603304724136,579.0000236318915
1.209441948330988,570.1894385980299,583.2407618387978,581.2925008334405
1.2111534306896228,572.6400322050879,585.3406424497725,583.5032227144078
1.2128588999780785,575.0820159709372,587.3605884552654,585.6177008163583
1.2145585241183263,577.5156303353967,589.3736115078348,587.6557759999596
1.2162523628014128,579.9409607673567,591.3797823049882,589.6678066076336
1.2179406010017804,582.3582721232926,593.2902487982599,591.6365516423215
1.2196236548355148,584.621178092332,595.0284127650824,593.5015051142963
1.2213018118057137,586.5940763768722,596.7577231369684,595.2812346639018
1.2229751197308434,588.5612739594706,598.4820366555917,597.0108193995161
1.2246435971460667,590.5227926306936,600.2181537682367,598.741281106709
1.2263069942644542,592.4783387325499,602.143631612023,600.5519090517178
1.227965013090919,594.427561931903,604.1185223088871,602.4479696763019
1.2296176293539607,596.3704336943529,606.0869779326782,604.4072622997879
1.2312648955243328,598.1401187268838,608.0490609822097,606.3747941008361
1.2329070698929225,599.6176216207399,609.8510699148,608.272944498968
1.2345448055858397,601.0911309337215,611.3490406626867,609.992334271779
1.2361785483505128,602.5610477152715,612.8356919593933,611.5654136209075
1.2378083374462976,604.0274072879553,614.3187455496347,613.0535594841266
1.2394342224697266,605.4902542749393,615.7822777512779,614.5295561659826
1.241056826278515,606.9501490759561,616.8053490197858,615.8176919559729
1.2426770012939212,608.4142595273287,617.6297416191591,616.8748682769693
1.244295016627989,609.8954724314025,618.4530353093061,617.7509229415148
1.2459108808942954,611.3747161394755,619.2752344729407,618.5740562937079
1.24752469139833,612.8520797299037,620.0280995242297,619.3681269264499
1.2491369283223528,614.3280027857646,620.4845329295883,620.0176895949402
1.2507480244412958,615.8028814910748,620.9064725717435,620.5377387749676
1.252358026475731,617.2767586162039,621.3281256774007,620.9686085285787
1.2539669366515933,618.6968866928835,621.7494928297779,621.3902195973828
1.2555750999367479,619.1933146481747,621.9053336838214,621.7028395004836
1.2571833116731133,619.6897575599917,621.7120352818597,621.7852367376945
1.2587920256370437,620.1863555056946,621.5170868741689,621.6828396136484
1.2604012443572876,620.6831092658889,621.3220772987432,621.4882989256018
1.2620109913727733,621.1800261068656,621.1092112629757,621.2859871727206
1.2636217422296299,621.6772528261512,620.5479948009441,620.9350382305412
1.2652341264273703,622.1749837455282,619.851553451626,620.4097723363467
1.2668483242791297,621.8346654736899,619.1543287259851,619.7484787540533
1.2684643419188628,621.3358129379973,618.4563179745172,619.0511373624369
1.2700822674845909,620.8363714398471,617.6949618200068,618.3273715509225
1.2717025036779837,620.3362166682515,616.6937796750132,617.4843412437334
1.2733254053918897,619.8352390704476,615.6675947913203,616.5358172525142
1.2749510166599245,619.3334250535885,614.639696616179,615.5154882955917
1.2765793511011467,618.8307704135725,613.6100749349373,614.4873331534122
1.278210522403337,617.9897564212254,612.5037156366982,613.4267136963127
1.27984474393248,616.988650627024,611.321714374961,612.3094814929013
1.2814821313968052,615.9856054164103,610.1374232526342,611.1463822787252
1.2831227032678392,614.9806094739342,608.9508289097058,609.9617478327001
1.2847664892430681,613.9736446072484,607.7537580101264,608.7714639424496
1.2864136100373744,612.9646368677687,606.4875906693538,607.5488227785518
1.288064196854637,611.9535058814694,605.2040473063814,606.293657773912
1.2897182917728756,610.9484521073748,603.9177759441824,605.0135540236369
1.2913759172557246,609.9464003846571,602.628759114155,603.7268730104856
1.2930368856623424,608.9423278299987,601.4891419277777,602.499805665319
1.294700689741743,607.9365410818591,600.576160396992,601.413885152571
1.2963670237940474,606.9292249389721,599.664062875923,600.4418205029895
1.2980358962337588,605.9203743146835,598.7505759235435,599.5289216714577
1.2997072353821724,604.9100325395107,597.8952536682581,598.6396371506899
1.3013801695509053,603.9055418591122,597.6091193962258,598.0023323450408
1.3030537056437705,602.9046303367943,597.4652130466578,597.6251929964441
1.3047276449241472,601.9034776753533,597.321272027029,597.443966753254
1.306401987683583,600.9020837004199,597.177296312653,597.3000206082529
1.3080764537081493,599.9006160028521,597.2333247801973,597.2380229211549
1.3097503718141694,598.8994760054089,597.5683504382031,597.3559343862536
1.3114233493633103,597.8988985379416,597.9050494737281,597.6184662637775
1.3130953853362466,597.59588,598.2415590102113,597.9546487170671
1.314766418536951,597.59588,598.6228732235613,598.3095705307034
1.3164358789221158,597.59588,599.3694808138655,598.8288430980531
1.3181031509840326,597.59588,600.1953614831601,599.5121249989064
1.319768131992706,597.59588,601.0201072827601,600.3167476189188
1.3214308313669105,597.59588,601.8437228782293,601.1413278908441
1.3230909051765578,597.59588,602.9229527319654,602.0699998752109
1.324747544410954,598.3234445139993,604.3421671373616,603.2215212971313
1.326400300020817,599.3110769331796,605.7597576256451,604.5508938868818
1.328049196873768,600.2964034860832,607.1740384067564,605.967553883272
1.3296942510428105,601.279433777409,608.5930544022254,607.3846434459194
1.331335370359112,602.2601127300926,610.0892160298805,608.8340344803217
1.332972447084827,603.2383759635392,611.6024965372428,610.3169771223652
1.3346054831724945,604.2142246445219,613.112041960756,611.8242366597021
1.3362345083947629,605.5275560111036,614.6178798217171,613.3332422844907
1.337859471348736,607.0078356256472,616.1813962924452,614.86369139537
1.3394801508849592,608.4842132090953,617.8711756264271,616.4638261255255
1.341096404620279,609.9565590557954,619.5605989786861,618.1203414372922
1.342708263076733,611.4249009701664,621.2454280730618,619.8079752692313
1.3443157533913017,612.8892636729679,622.9323180791058,621.4948540507846
1.345918396664513,614.3492109049462,625.0094880678321,623.3411543024081
1.3475154369785283,616.0538460957464,627.3112825028593,625.4080149703904
1.349106638576127,618.0226417495658,629.6046616683126,627.6474426368902
1.3506920650320717,619.9842918136585,631.8897171934765,629.9396177581789
1.352271756911542,621.9388464793703,634.1841256360881,632.2306896961429
1.353845577356788,623.886136412442,636.6135154148114,634.577965134224
1.3554133760533982,625.825975628672,639.0651742925737,636.981076652262
1.3569751830260135,627.758401277584,641.5074635595759,639.4230544504566
1.3585310664514982,629.6885075201826,643.9404898281952,641.8640050094684
1.3600812616349638,631.6547831091411,646.2236681369914,644.2380478187197
1.3616266261373189,633.614931437193,647.9717438610531,646.3412261724145
1.3631678922512203,635.5698813481317,649.6649114955407,648.2071533574007
1.3647051518924387,637.5197494283962,651.3536777941357,649.9129192875582
1.3662384361437883,639.4645751035887,653.0380769030379,651.6010502030706
1.367767669387933,641.4042624602891,654.8092877112884,653.3221733696579
1.3692925188135177,643.3383893588527,656.7986437984149,655.1600176989305
1.3708127518661388,645.2897626634426,658.7921393002517,657.0938518336918
1.372328398531031,647.2537642204088,660.7796206297865,659.083796762694
1.3738395000697794,649.2118761231238,662.7611418939758,661.0704129303138
1.375346054401702,651.1640956754036,664.774518751701,663.0665530614529
1.3768479737057109,653.1103090771405,666.8582072106792,665.1003905836819
1.3783452121552862,655.0504569455256,668.9376020872562,667.1638769905279
1.3798378107897413,656.9845924600218,671.0105530951369,669.2417571228593
1.381325812479171,658.91277117245,673.0771197732417,671.3137817972112
1.3828095081853093,660.8750962629636,674.9106732106407,673.2865258238205
1.38428972066762,662.8414003161029,676.2480173256199,674.9778330118883
1.3857670300537732,664.8038479163283,677.5658240911989,676.4373232813545
1.3872414717624355,666.7624861135519,678.8810727975495,677.7592062126661
1.388713062428884,668.7173370059609,680.1937782840045,679.0740835821357
1.3901819853344282,670.6686440631831,681.3490449308126,680.3229320280524
1.3916489018742602,672.6172858780301,682.0554041410173,681.335515650586
1.393114330937727,674.5639517395323,682.7329317491548,682.147804843315
1.3945783071845175,675.6010671884756,683.4097876608917,682.8326195534698
1.3960408349270264,676.5877359797756,684.0859738700251,683.509377179589
1.3975019855432516,677.5734757168868,684.6985842770623,684.1596833918251
1.3989621272788393,678.5585348303008,685.0315381009408,684.6743560653307
1.4004215950695786,679.5431392785966,685.3310750701172,685.0669670033564
1.4018804252506833,680.5273135746914,685.630481178141,685.3752154175561
1.4033386186570977,681.5110582818658,685.9297565964713,685.674602288467
1.4047962242601537,682.4944064377733,686.1835669531331,685.9552787640657
1.4062536654117221,682.9957534429591,686.0845402445284,686.076409028187
1.407711396324777,683.4926009180406,685.9108082507324,686.0393128263771
1.4091694965550687,683.9895742698083,685.7370322419144,685.8851576225404
1.4106279663834402,684.4866735939834,685.5632121842275,685.7113751058312
1.4120868272839382,684.983906209699,685.3694375797425,685.5293885089957
1.4135464471414405,685.4813975054408,684.8505389051558,685.2076003142851
1.415007295878985,685.9793076479951,684.2168922556874,684.726952225757
1.4164694987502169,686.4371555758407,683.5826582476157,684.1231626850268
1.4179330595277775,685.9391796510351,682.9478352442412,683.4888413467105
1.4193979873756675,685.4407385811381,682.3074180828334,682.8518801461887
1.4208645396722432,684.9417447932748,681.435846697537,682.1181949672614
1.4223331055251582,684.4420658937336,680.4377596177206,681.2554035035917
1.423803828687114,683.9416529707194,679.4382063574642,680.2898999746164
1.4252767186933544,683.4405027798697,678.4371804366189,679.290127736857
1.4267517854669172,682.9386119448752,677.4343840570239,678.2887624897936
1.4282291126474744,682.3691405310808,676.3627162657536,677.2582045044298
1.4297088408868786,681.3691465650305,675.2377548537835,676.1827596979022
1.4311910385114355,680.3674837991379,674.1109160950526,675.0710075361316
1.432675717925401,679.3641438506602,672.9821905592379,673.9438879269267
1.4341628916567881,678.3591182532203,671.8515510796789,672.8148728802881
1.435652678991942,677.3523263936206,670.623060968129,671.6446327007312
1.4371453018528768,676.34361829792,669.3014424491082,670.4036409486089
1.4386408779311508,675.332914430671,667.9772090523508,669.1053778816556
1.4401394248257033,674.3244506485062,666.6503451946788,667.7807522967169
1.4416409603119373,673.3222397303998,665.3208342787622,666.4534935360693
1.4431455671863889,672.317978791609,663.931489952763,665.100155041134
1.444653393357373,671.3115691096393,662.4829361776107,663.702238556651
1.4461645237180987,670.3029540218936,661.0312080997792,662.2679141850967
1.447678980086351,669.2921189659304,659.5762847594048,660.8157091774175
1.4491967839437363,668.2790496036932,658.1186450874499,659.360510688046
1.45071765856961,667.2639306344144,656.9152445105883,658.0077798469536
1.4522410740254976,665.9282404874637,655.925011973536,656.8250575565469
1.4537667928263471,664.4238961929473,654.933282243339,655.7782984872723
1.4552948254515878,662.9172704894847,653.9400485082555,654.7863450680285
1.456825171473176,661.4083637991234,652.9546725332868,653.7967262195195
1.4583570684275569,659.8979279037101,652.6162594128308,653.0744379035834
1.459889295932068,658.3871660889974,652.6729341842911,652.7282508753522
1.4614213903973488,656.8765354497066,652.7296040350194,652.6812940191246
1.4629533518580473,655.427699120653,652.786268966038,652.7379631442619
1.4644851553963305,654.9291815822405,652.8641993482496,652.803344714546
1.4660161763729973,654.4309187244583,653.4538969025995,653.0854379178128
1.4675455622715678,653.9331879943852,654.261025638874,653.6300125999314
1.4690730637645077,653.4360705343777,655.0671598859494,654.3797026289803
1.4705986878002204,652.9395640831137,655.8723033104751,655.1856916508663
1.4721224182007075,652.4436739056393,656.6963687413858,655.9988498839233
1.4736439283846163,651.9485062861665,657.7880169267562,656.9276172289215
1.4751628203110916,652.1409138839452,658.9624088692213,657.9829911496366
1.4766790100962743,653.1289411756375,660.1347115431646,659.1348235539614
1.478192512110604,654.1152169775211,661.3049360598314,660.306822528961
1.4797033159713493,655.0997345236739,662.4947096077298,661.4856040341066
1.481211160053562,656.082323325816,663.9038756198407,662.7601649116051
1.4827157447852666,657.0627881674309,665.3681718795142,664.1343797230877
1.4842170255780722,658.0410999924287,666.8292526702371,665.582897774814
1.4857150241024608,659.0172729224107,668.2871390822886,667.0435127956422
1.4872097433399554,660.377410668745,669.7584068094168,668.5077212230324
1.4887010008219212,661.8588438492651,671.3936057233473,670.0426640096499
1.4901885872048013,663.3366301156469,673.0682190699276,671.6510180355049
1.4916724815810263,664.810748698059,674.7386762317107,673.3135898158175
1.493152711304391,666.2812267700909,676.4050080020046,674.9834463902157
1.4946292990068404,667.7480868145902,678.071277724677,676.6508348010555
1.4961022078783652,669.2112922640493,679.7881500143202,678.3378595554689
1.4975713875168208,670.6707930483698,681.5179673817844,680.0467644004235
1.499036847513667,672.147799351654,683.2434052298184,681.7713914526273
1.500498615978794,673.6227778259484,684.9644966551297,683.4961967062812
1.5019567107396568,675.0940493966938,686.6906392243092,685.2204983178264
1.503410837884648,676.5613174962028,688.7078663452853,687.0646129442686
1.5048605707848561,678.0241516401157,690.8599607920946,689.0607635130657
1.506305801588408,679.4824430019017,693.005371982293,691.1747438839965
1.507746571980328,680.9362336432929,695.1441617962272,693.3191943807386
1.5091829229567346,682.3855649308899,697.2764393684189,695.4570519975689
1.510614320757636,684.3112037594467,699.9643557867947,697.8187585373421
1.512039695065749,686.2714325738864,703.1832342332939,700.5785410075893
1.513458574136288,688.2227288912425,706.3874446865989,703.6521392527795
1.5148710459637627,690.1652137249032,709.5771858625303,706.8542670168514
1.516277196573559,692.0990053802423,712.7526520291098,710.0419529994084
1.5176771690408901,694.02430061972,715.8536026172209,713.1906242592328
1.5190712677302545,695.9415180169392,718.770994627355,716.2358909917054
1.520459740533295,697.8509984818904,721.6663522848432,719.1923990417
1.5218426648487438,700.4546352790621,724.5501397796057,722.0887943315523
1.5232201066678237,703.3744112682698,727.422494722353,724.9709311509579
1.5245922139416836,706.2828795733121,730.1947577212889,727.8052635074256
1.5259605649503598,709.1833856887788,731.4195442390125,729.9695684583397
1.527327149195632,712.080146779741,732.0836526928299,731.3704643547807
1.5286924948683471,714.9742824571558,732.7471592470386,732.1813892271599
1.5300566053300717,717.865799846566,733.4100655352297,732.8448076460129
1.5314194839271948,720.7547060413435,734.07237318363,733.5076260368518
1.532781045342259,723.3719145548472,734.8298075442866,734.2090770630073
1.5341410160362559,724.8537362782491,735.7907453490237,735.0249632057279
1.535499206696033,726.3336184794342,736.7571970889051,735.9347828674045
1.536855618059311,727.8115619622216,737.7223827295013,736.8992694360657
1.5382102571007317,729.2875743261692,738.6863072337966,737.8642703091379
1.5395631390491356,730.7616721645949,739.6398944916743,738.8242890268821
1.540914447661578,732.2340556988698,740.4073125550536,739.7042888434519
1.5422644235087435,733.7049870543968,741.1009993739325,740.4903204478061
1.5436131369288564,735.1745428715839,741.7940374930404,741.2030807489429
1.5449605914569773,736.0351354911688,742.4864287290831,741.8960239027999
1.5463067906116996,736.5288997926663,743.1781748896676,742.5883204379016
1.5476518067095262,737.0222301678315,743.7931299887125,743.2487640520735
1.548995912731339,737.5152267416823,744.1848316734149,743.7923637679394
1.5503393245997796,738.0079687111876,744.561974377035,744.2366569297305
1.551682056334546,738.5004612185478,744.9389261432765,744.617540129463
1.553024108967594,738.9927046422681,745.3156872618956,744.9944638433685
1.5543654859641574,739.4847002533406,745.6895490512259,745.3700867182126
1.5557064257643587,739.9765355077857,745.8017252125562,745.6374607791598
1.5570473188736482,740.4719618007636,745.741477901265,745.7476104361042
1.5583883203203912,740.9675207931573,745.6812257221592,745.7325869586913
1.559729430130851,741.4631198307087,745.6209686741558,745.6723340609394
1.561070648331302,741.9587589231272,745.5607067562978,745.612076294182
1.5624120609723842,742.4544698699077,745.4048325623238,745.5126302945989
1.563754233947457,742.9504617935262,744.716384335578,745.1635666842079
1.565097723141646,743.4469401179764,743.9450396656363,744.5808360549123
1.5664426067540047,743.9439337412466,743.1728944111945,743.8309066059318
1.5677888891354046,744.1099612439218,742.3999460737261,743.0586422084791
1.569136574659391,743.6127893839796,741.6261921425502,742.2855743543834
1.5704857685536102,743.1150610743163,740.740961905417,741.4663447158367
1.5718367023266344,742.6166909095864,739.717219163275,740.5535867454263
1.5731895087011742,742.1176299273313,738.6916648035307,739.5654326859086
1.574544195845995,741.6178751140288,737.6646846429121,738.5397691599313
1.5759007716273448,741.1174235677578,736.6362727185651,737.5125761914566
1.577259243227778,740.6162726388168,735.6072224517574,736.4842781959316
1.5786196112218918,740.1144221152327,734.5839152322917,735.4577490711389
1.579981875328405,739.6137196549593,733.5608898320149,734.4330509782675
1.5813460419097631,739.112934220442,732.536435721879,733.4093661213757
1.5827121189590394,738.6114474533164,731.5105468993271,732.3846987579179
1.5840801145254346,738.1092563987219,730.4832173195686,731.3585957791117
1.5854500672529457,737.6063468704501,729.4219434509071,730.31773250907
1.5868220590123734,737.1026888137376,728.3136022778242,729.2460721815876
1.5881961421399282,736.5982630159656,727.2032611306805,728.1492568694756
1.5895723265224955,736.0930658476595,726.0912220444305,727.0387444290092
1.590950621829432,735.3120951108954,724.9774772050948,725.9264516247025
1.592331046081781,733.8079872255776,723.8533446284144,724.8088969266088
1.5937136763012418,732.3014757222984,722.6659917702262,723.6615790509092
1.5950985934772217,730.7924723551389,721.4646888540766,722.4850913247715
1.5964858205193102,729.2809521618501,720.261382317069,721.286626284129
1.597875369023929,727.7669025069908,719.0560621002078,720.0830200083899
1.5992672506144316,726.2503107257749,717.8487906418026,718.8774282806938
1.6006614515288118,724.7311918132609,716.6656612057795,717.6805628948172
1.6020579372636683,723.2095833642954,715.5017223058967,716.4989660988826
1.6034566984354133,722.1678150615726,714.3358868813687,715.3292163515509
1.6048577462032623,721.1664191838049,713.1681456314366,714.1630973001251
1.6062610918179423,720.1633809249586,711.9984891785264,712.9950710195701
1.607666705161734,719.1587218116085,710.8688089558283,711.8423006158886
1.6090744348724544,718.1525500295495,709.8591864687284,710.7513388146098
1.6104841619007086,717.1449506690803,708.8558981721833,709.712821753646
1.611895887038274,716.1359231642798,707.8511878417846,708.7072892293103
1.6133096188055296,715.1254614252255,706.8450494134943,707.7023666053765
1.6147253107607407,714.1201381649694,705.8923065173293,706.7184861749454
1.616142370922024,713.1172052845959,705.48049536883,705.9734312325122
1.6175601193876343,712.1137852526815,705.2070304302758,705.4764356132911
1.6189784178406528,711.10997596386,704.9334594064377,705.1666396666842
1.6203972669216467,710.1057769647664,704.6597821736156,704.8930529402221
1.6218166626721544,709.1011910570253,704.3905635776266,704.6212308756717
1.6232360432618673,708.0966158794283,704.6748385414552,704.577684424045
1.6246544676193293,707.0927174809772,705.3407435743239,704.8731865152332
1.6260715541180322,706.57214,706.0060205251748,705.4387344471987
1.627487306536461,706.57214,706.6706711676264,706.1039194571039
1.6289017286353487,706.57214,707.3346972677521,706.7684784171987
1.630314620832477,706.57214,708.2019975128841,707.5159774075271
1.6317253716023508,706.57214,709.484016375379,708.4999264905931
1.633133565666823,706.57214,710.7759501813828,709.6772302007917
1.6345392047747507,706.57214,712.0655399677295,710.9656027020814
1.6359423027826745,706.57214,713.3527984467174,712.2548518594205
1.637342835933401,706.8077066403573,714.6760319997318,713.5574657116609
1.638740526472175,707.7969305535141,716.2576316841821,714.97715093847
1.6401350898635458,708.7839412092255,717.8848297316878,716.5096703110089
1.6415264993837524,709.7687196935885,719.5083477936093,718.123399941326
1.6429147763344951,710.7512810830099,721.1282107253196,719.746385241183
1.6442999412993962,711.7316399456727,722.744943899372,721.3659242080073
1.6456819205668207,712.7097441117226,724.4567945833442,723.0224608881337
1.6470605719157212,713.6854929233548,726.2384942584085,724.7379893527384
1.648435849230839,714.6588537422167,728.0158335019935,726.499580918877
1.6498077771639932,716.5042744187053,729.7888441726853,728.2762898769104
1.6511763800682648,718.4720521455865,731.5575577431406,730.0486748043295
1.6525416611421595,720.4350537436085,733.3444423364635,731.8259626235632
1.6539035424417352,722.3931671449445,735.2147077339222,733.6422535076653
1.65526195993578,724.346300285496,737.0890945428532,735.4923376333311
1.656616931759681,726.2944792403282,738.9587269085225,737.3636948739817
1.6579684840015054,728.2377415188735,740.8236408283706,739.2326405174649
1.6593166416595397,730.1761230636771,742.6847127106392,741.0972174568811
1.6606612825638256,731.9647352957252,744.7039869568548,743.0241341211162
1.6620021782986494,733.4427503348252,746.8393503009029,745.0494901644245
1.6633392510278897,734.9165514297683,748.9686255457041,747.1519087863988
1.664672533265663,736.3861744195476,751.0918644702034,749.2803070079278
1.6660020570677987,737.8516546380051,753.2091181226409,751.4026762492026
1.6673276861363215,739.3128418494048,755.5120674986161,753.5976046137945
1.6686480890171418,740.7682684458507,759.1860566803047,756.4137484744621
1.6699618986822775,742.2164276077867,763.1146028549999,759.8324472944089
1.6712689791757365,743.6571694764307,767.0230274987166,763.6859778926686
1.6725694328509928,745.6633609192199,770.9116366686144,767.5915592191751
1.6738633594927403,748.0918607896392,774.7807287400194,771.4773670795448
1.675150770919998,750.5081326117029,778.7342632296602,775.386185938356
1.6764314391776038,752.9117485488828,782.9618626307457,779.4298932820025
1.6777052148444895,755.3024281609801,787.1846854057079,783.5836491710191
1.6789721935596487,757.6803509475703,791.3849749172341,787.7984898874905
1.680232482985602,760.045718974528,795.5630880883685,791.9956010991019
1.6814861879721972,762.398729028776,799.7193725173211,796.1705848094449
1.6827340388193546,764.7407517701358,803.0431738610615,799.9914132178172
1.6839781312865785,767.9456647027519,804.5557975636625,802.7912848621299
1.6852199393737708,772.3218670566157,806.0003177616323,804.7510602801808
1.6864595258535031,776.6902403393888,807.4422536980317,806.2123845688858
1.6876969026067574,781.0508264203272,808.8816191934287,807.6539448849584
1.688932081408994,785.4036667968239,810.3184279454118,809.0929367487273
1.6901651122478702,789.7489376282256,811.7022000534017,810.5086797924283
1.6913961458435756,794.0871700610578,812.9497886116371,811.8505502210745
1.6926252985433412,798.418774109582,814.1882871419164,813.1301336333617
1.6938525843568248,802.7437991446295,815.4249045912456,814.3702454984533
1.6950780117647994,806.997563365579,816.6596495043713,815.6065889131943
1.69630158918402,808.4828589404065,817.8925303627543,816.8410610264954
1.697523204425817,809.9657726361647,819.2853461860237,818.1399779340264
1.6987422741954818,811.4455963938167,821.3123479109051,819.7507558573304
1.6999582948171867,812.9217188033554,823.3992501475359,821.6359631292275
1.7011712412013933,814.3941094086936,825.4808764593901,823.7049914919663
1.702381136547082,815.8627963709787,827.557266660389,825.7858557058705
1.7035880037629165,817.3278074989425,829.6284600652658,827.861489478519
1.7047918954696764,818.7892066687314,831.6529982597432,829.9149249895921
1.7059931137089284,820.2473605273562,833.3250646049902,831.8072449403912
1.7071919826113233,821.71485028595,834.9155695119034,833.5383360992339
1.708388572011787,823.1953243324183,836.5030502690962,835.1489947646772
1.709582894863709,824.6729941034268,838.0875240615651,836.7360363788769
1.710774963998262,826.1478754742775,839.6690079120209,838.3200734973336
1.711964798555484,827.619992125884,841.238418533005,839.8973935500094
1.7131527968770452,829.0898369044166,842.2662710176571,841.2480208638336
1.7143395690637377,830.5581646539249,842.9774333628012,842.2881303434632
1.7155253408948548,832.0252547186719,843.6879962539393,843.0821132768364
1.7167101148958044,833.4911102232054,844.3979612046659,843.7925883442663
1.7178938935813868,834.955734278949,845.1073297216695,844.5024656917718
1.7190766794558576,836.0955346235611,845.8161033058591,845.2117468254838
1.7202750614393507,837.0975016967399,823.4018219464228,836.4440145954829
1.721546094807554,838.1602125864173,753.2429766734384,800.5273526009532
1.7229512398831945,839.3350542631314,674.4465023040643,739.3516597084121
1.7245473774611157,840.6695847545517,584.939720456914,658.4313226931005
1.726446956211662,842.2578223842676,478.5651544423729,564.8207755256169
1.7286661760827697,844.1133119273535,425.73842361524476,484.8163804350688
1.731014958763192,845.6063748892996,425.76649373788393,439.60611945622867
1.7333635866022332,846.5959071786128,425.794562010017,425.7706344729838
1.7356063804477668,847.5408491108923,467.93755838956804,443.0589196679621
1.7375438361022173,848.3571448633833,575.4156945633616,500.93207416451907
1.7391628829147416,849.0392874626793,666.569089302501,584.5826566895548
1.740582776093646,849.6375219400818,746.5100041807866,675.422672189893
1.7418634819846384,850.02397,818.4344131972409,755.019112170275
1.7430643737751863,850.02397,847.5017433829241,811.4818346788608
1.7442449994125218,850.02397,846.5159147788992,839.4734975128983
1.7454270015791096,850.02397,845.5289367656294,846.369993587631
1.746610385101032,850.02397,844.5408053133092,845.3828443378312
1.7477951548326378,850.02397,843.5515163686543,844.3945410447967
1.7489813156567744,850.02397,842.5610658545507,843.4050796516358
1.7501689636478392,850.02397,841.4403393301429,842.3615420039843
1.751358428960301,850.02397,839.988677383977,841.1393569651655
1.752549965111419,850.02397,838.5181251607421,839.7667558357438
1.7537435946014404,849.2151621165776,837.0449894118871,838.3000996173057
1.7549393285023074,847.7124785898159,835.5692564725477,836.8265770921851
1.7561371779839092,846.20713640437,834.0909125579267,835.3504553112999
1.7573371841771386,844.6990838708839,832.5685430168191,833.8547529531108
1.7585396020389887,843.1880005838948,830.7487258957776,832.2220263714369
1.7597447016998933,841.673547069418,828.8671843345355,830.4549313860335
1.7609525432012683,840.1556478731673,826.981361893291,828.5878253828758
1.7621631453435,838.634279368624,825.0912292189963,826.7013593064472
1.7633765271428163,837.1094176580182,823.1967566212143,824.8105785279167
1.764592713304498,835.5810316941265,821.290535139324,822.9124291542838
1.7658118427205394,834.070193241475,819.2269834636835,820.9448097593113
1.7670340963191928,832.5579662985424,817.0974173510946,818.8954699226264
1.768259543781874,831.0417877638615,814.9622864814576,816.7809384340533
1.769488210277987,829.5216264967171,812.8215470009671,814.6449685618167
1.7707201213092665,827.99745094522,810.6751544777577,812.5033833715836
1.771955305229005,826.469226029406,808.5197782902103,810.3547917840307
1.7731939298829826,824.9367440829515,806.1777824635195,808.125288508792
1.7744362436402854,823.3996978124892,803.7252149923271,805.7869258479001
1.7756823599748235,821.8579468230114,801.2651404987334,803.3602841267407
1.7769323140199056,820.0808310524394,798.7974896227124,800.8990736134377
1.7781861414532156,818.0573089547247,796.3221919297861,798.4302760439119
1.7794438835584665,816.0274690616202,793.8328114009781,795.9512124194026
1.7807058718106397,813.9907764135837,790.973155249385,793.3137734447666
1.7819726083256113,811.9464206578155,787.8931578002395,790.4609349575298
1.7832443162599874,809.8940416472078,784.8010726285611,787.433777962442
1.7845210546105417,807.8335441682793,781.6967562877356,784.3398505666956
1.785802883550259,805.7648311092894,778.580062470098,781.2336696649859
1.7870898652435445,803.6878021445914,775.4499013179714,778.1147029992625
1.7883820782513207,801.2742452556458,772.2890006529203,774.9754761017048
1.789679607869672,798.2172408664901,769.108196386973,771.8144810462338
1.790982526111751,795.1475407776334,765.9141822819095,768.6334835284248
1.792290900678298,792.064985484848,762.7067923741978,765.4374524128635
1.7936048006996792,788.9694121156799,759.4858571955749,762.2280195718668
1.7949240972351033,785.8611244570802,756.4795166649427,759.0985858774134
1.7962475793446584,782.742975506445,754.6877271752202,756.5337250460417
1.7975740505324362,779.617784230828,753.0738509523894,754.4962800648068
1.7989033705414337,776.485881078389,751.4565086572983,752.8343175456354
1.800235557805936,773.4057686147685,749.8356778618596,751.2164546709948
1.801570630959901,770.3726857720821,748.2113358942518,749.5950998870534
1.8029084688710497,767.3333218222128,746.7395261620195,748.0341920938569
1.8042487365717026,764.2884377607033,745.5007012325176,746.6178594813335
1.8055912329901669,761.2384903918137,744.2622170975619,745.3180634537983
1.806935967112988,758.1834592994792,743.0216686282292,744.0786438914301
1.808282950167214,755.1233189775594,741.7790454675002,742.8377866034929
1.8096322756930383,752.0578569169811,740.4441718692409,741.5579000677488
1.810985257407539,748.9840885526546,737.7772176760988,739.7012886355291
1.812343556961891,747.2749556960457,734.6586417269635,737.1986417476052
1.8137076471434397,745.7626641719107,731.5267708380204,734.1930752181532
1.8150776026499738,744.2438700855685,728.3814335077536,731.0591724932075
1.8164534997992334,742.7184888277511,725.2224545148584,727.9117764989318
1.8178350623170618,741.1868266883737,722.4192363493412,724.9021792648321
1.8192213291383106,739.6499491473419,720.3075562346007,722.2890640178617
1.8206116556038592,738.1085709026552,718.2065739499295,720.000381229995
1.8220060612010673,736.562670349753,716.0994275134433,717.8940666653816
1.8234045820460874,734.5649797223314,713.9860623485579,715.785988396421
1.8248072161469073,732.0367727965322,711.9055914976493,713.6877356496308
1.826213665905764,729.5016882587679,710.1168816486964,711.7182109630706
1.8276236057372093,726.9603129672814,708.3854792702097,709.8764603064188
1.8290370001516536,724.4127108910202,706.6498346729321,708.1282878460104
1.830453874667254,721.8588360342524,704.9099165205535,706.3920045048495
1.831874249079155,719.2986527168096,703.171664744286,704.6538902259856
1.8332977574000604,716.7328206200841,701.8091502990962,703.0691920769176
1.834723803742576,714.4181661749074,700.6707398195541,701.6999694652354
1.836152170824937,712.9061251025914,699.5304766970911,700.5020183377687
1.8375828700144643,711.3916153078694,698.3883518572702,699.3614781555153
1.8390159127715808,709.8746246589646,697.2443561513521,698.2190748866009
1.8404507373411825,708.3557478186922,696.6545221445517,697.3026853501173
1.841885922407481,706.836489363764,696.8940215508435,696.9073881980942
1.843320606214476,705.3177615319962,697.1414120654441,696.9325915896031
1.8447547810840876,703.7995724512512,697.3887148212278,697.1778763385748
1.8461884475575512,702.4299979146679,697.6359299113483,697.4251661845142
1.8476214779786444,701.931012282362,698.0079536172381,697.7235553409436
1.8490533254523158,701.4324385560134,698.7893048932089,698.2305995615825
1.8504835410483,700.9344330545312,699.6017353669547,698.9173236051448
1.8519120976928583,700.437005205075,700.4132234773076,699.7212159436577
1.8533390011454487,699.9401530021838,701.2237724960377,700.5325663576779
1.8547642314944506,699.4438833791457,702.0586578394621,701.3533355990857
1.8561875476866285,698.9482802714439,703.111277912744,702.2710731892529
1.8576086852904017,698.4625312349359,704.2128404838946,703.2866409144858
1.8590276033482338,699.4543903997584,705.3126826244587,704.3746610146434
1.8604443122273013,700.4447052934423,706.4108123702706,705.4742526145615
1.8618588177817932,701.4334800082121,707.5116752776345,706.573951661272
1.8632707897383392,702.4204836747325,708.948509131716,707.8117906847526
1.8646796970060666,703.4053450472173,710.5932383494197,709.2457040297041
1.866085350741141,704.3879321191097,712.234169460539,710.8343467149068
1.8674877733798732,705.3682605739508,713.8713286563847,712.4747281837886
1.8688869871018845,706.3463459158503,715.504741829226,714.1113414791306
1.870282964519361,707.3315371133638,717.1851616123109,715.7650022195809
1.8716755719676286,708.3171634385405,718.971953806002,717.4766876502273
1.8730647233643132,709.3003437223542,720.758145570027,719.2353328060276
1.8744504406277533,710.281093477641,722.5399216739222,721.0198723630267
1.8758327491015274,711.2594306414712,724.3173147047916,722.8010103314534
1.8772116908078935,712.235384955352,726.0724439753263,724.5704285288809
1.878587485423695,713.2091118968942,727.634589428033,726.2523057456394
1.8799603801891727,714.1807864518707,729.1428666454799,727.8429927590635
1.8813304408810296,715.5304000778979,730.648030318656,729.3641233069591
1.8826976849783903,717.496224111735,732.1500996502687,730.8688354747131
1.884062129781443,719.4580233192528,733.6490936465366,732.3704560535618
1.885423831275221,721.4158781957508,735.1030293354542,733.8517901757602
1.886782902224791,723.3699508748809,736.4917993527712,735.2908371946384
1.888139415775135,725.3203465245238,737.8773773174812,736.6953916288477
1.8894933868401897,727.2670865879427,739.260358322392,738.0807425254712
1.8908448296626237,729.2101915432509,740.6407569147025,739.4633463343457
1.8921937675506628,731.1496949030238,742.008458919059,740.8392187611277
1.8935403284659889,732.7132200806127,743.2577419591133,742.1617186556434
1.8948846594619653,734.1950216688942,744.4720942935191,743.4277465446751
1.8962268012026793,735.6744101298027,745.6844690443141,744.6504505462959
1.8975667643491163,737.1513972145099,746.8948758412288,745.8625374690704
1.8989045594760157,738.625994579123,748.1033242370767,747.0726578272213
1.9002401291905386,740.098138961841,749.3860585676548,748.3120649572548
1.9015732596427033,741.567594644494,750.8436336150801,749.6469704839889
1.9029038008069685,743.034196260006,752.3055702951511,751.0604732256203
1.9042317613639645,744.4257187247201,753.7646715240896,752.5201038007627
1.9055571562711495,745.4121296267022,755.2209537365104,753.9787934199501
1.9068800019364707,746.3966432828499,756.6726074184608,755.4339181078221
1.9082004552152727,747.3793764310665,757.9598879189285,756.8194197725668
1.9095187603763621,748.3605108657835,759.1404543526305,758.1060792768801
1.9108350185699092,749.3401218669267,760.3191876895066,759.3138850162807
1.9121492393015727,750.3182165089809,761.4960964418685,760.4923513849005
1.9134614320036663,751.2948018118439,762.67118905658,761.668994398098
1.914771710049608,752.2699621524623,763.7231179196463,762.7940864293876
1.9160810935508432,753.2487444382957,763.7132658414835,763.4431644153325
1.9173907056994215,754.2364347281616,763.4564833971132,763.6106112864236
1.9187007584737827,755.2244573315356,763.1996145569539,763.4185620545875
1.9200112523189787,756.2128125840691,762.942659233666,763.1616804317135
1.9213221876808118,757.2015008219798,762.685617340145,762.9047123129211
1.9226335930212546,758.1905435108706,762.3959196094139,762.6343095865067
1.9239455814729514,759.1800259737233,762.0078409821223,762.312857281699
1.9252582442018187,760.1700169665364,761.6128807860069,761.9477631646431
1.926571588009946,761.1605216193461,761.2177156634804,761.5545239839524
1.9278856139585758,761.67217,760.8223452955239,761.1593284956363
1.9292003231117087,761.67217,760.4267693615375,760.7639277141737
1.9305159588778245,761.67217,759.7511146663006,760.2536193215842
1.9318330306094451,761.67217,758.7696973644177,759.5261153642795
1.933151808216783,761.67217,757.7868689972023,758.6243197849052
1.934472298467357,761.67217,756.8027642703993,757.6413384349952
1.9357945080509822,761.67217,755.8173781984572,756.6570433495842
1.9371184807407795,761.67217,754.7885000158016,755.6541687326321
1.938444856764601,761.67217,753.0814609324564,754.3587635213568
1.9397744550690645,760.6519236301242,751.1347696194596,752.7313845801383
1.9411075082385447,759.1482086269889,749.1830199700389,750.8454797796633
1.94244404334566,757.640565917156,747.226172346376,748.8929675733035
1.9437840878184622,756.1289645611446,745.2641865906977,746.9353513314029
1.9451277231942943,754.6133125829342,743.237637027648,744.9482527056911
1.946475200714392,753.0933265765634,741.020491881442,742.8605249678716
1.9478267342376787,751.5687653041878,738.7834022217264,740.6851981248255
1.949182372789335,750.0395734642639,736.5395178236503,738.4505550840796
1.9505421540032464,748.4809320904474,734.2887763949382,736.2056426540013
1.9519061186395166,746.4739848994154,732.0283842865119,733.9527445940977
1.9532744545900056,744.4606057257947,729.6049940065716,731.6280812821891
1.9546474362267618,742.4403908566164,727.0830934177325,729.2070715435891
1.956025196736793,740.4131443195784,724.5524149668903,726.7074122398695
1.9574077863716401,738.3787921742078,722.0128663516437,724.1754008657805
1.9587952562697666,736.3372591750085,719.4643536408588,721.6345050413867
1.9601876914030965,734.288420293693,716.872939418831,719.0707609822008
1.9615852695880156,732.232013889975,714.1790823580827,716.4486148456136
1.9629881447481394,729.8770191304457,711.4696713531936,713.7752534703734
1.9643963828623259,727.348979203819,708.7499027291444,711.0656772626525
1.9658100459108185,724.8112005473658,706.0196567816898,708.3443314061678
1.9672291891477562,722.2635839699997,703.2866552076455,705.6157042539545
1.96865379090435,719.7061683710817,700.6195306161828,702.9104242305658
1.970083816800455,717.1390154691367,697.961592229633,700.2297852686361
1.971519309378663,714.5620488925842,695.2934931149518,697.565273152875
1.9729603318172613,711.97515522507,692.6151158450925,694.8956267885322
1.9744069297530107,709.4170434737612,689.9442081726811,692.2230067386573
1.9758583010038588,706.8901012076308,688.0655299699732,689.874824036466
1.9773131868858222,704.3570397146591,686.6142671488528,687.9635181784209
1.9787711544227868,701.8186128375601,685.1599303468164,686.3988865765087
1.980232223280344,699.2747863371173,683.7024999474191,684.9440881967778
1.9816964130438401,696.7255261138275,682.2422263667248,683.4863039945174
1.983163379635673,694.171431231669,681.1162681359723,682.1637906539755
1.9846324500111852,691.6136735100436,680.2894011341293,681.0727215236109
1.9861033081652053,689.6228353039187,679.4615278799896,680.1669919648831
1.9875759606405596,688.1170164096691,678.6326446913554,679.3389687381922
1.9890504140200798,686.6093560520972,677.8027478628562,678.5099350242351
1.990526812150538,685.0997071447784,676.8460803950779,677.6283488884549
1.9920054778019312,683.5877396484348,675.7256591927077,676.637820549589
1.993486600018867,682.0732602608805,674.6027338527878,675.5593248605751
1.9949701917925493,680.5562556983296,673.47793619738,674.4362890012061
1.9964562655172455,679.0367132873769,672.3512568299283,673.311211251482
1.997944517210094,678.2248087721998,671.5079822549958,672.301174952976
1.999434135196609,677.7237881972845,671.1182391219451,671.5694382365147
2.0009246122475073,677.222478683235,670.7341313487859,671.063045610467
2.002415943335973,676.7208819207789,670.3498034832186,670.6773695083164
2.0039081299317703,676.2189974155733,669.9652551467141,670.2930090149639
2.0054011089028716,675.7168464015488,669.6384216384586,669.9321721250367
2.0068947024594035,675.214488676845,669.4139915401045,669.6321689117904
2.0083887947384285,674.7119632109939,669.1914502754856,669.3816530148288
2.0098833840468906,674.2111120119201,668.9688349793256,669.158585977615
2.0113784708811515,673.7102862775379,668.7461455779724,668.9359597285833
2.012873994803037,673.2093141270909,668.5778533259901,668.7355836783346
2.0143697801990927,672.708254387756,668.5123536472071,668.5951514253693
2.0158657094534282,672.2071464586256,668.4492698096806,668.503679859049
2.017361779897036,671.7059912337668,668.3861800180871,668.4399599180507
2.018857991569901,671.2047886997854,668.3230842708382,668.3768692473374
2.0203541237495743,670.77869,668.4572131572036,668.3946048301023
2.0218495202670193,670.77869,668.9809066418045,668.6366602872557
2.0233437353676385,670.77869,669.514680260094,669.0623040959622
2.024836760146341,670.77869,670.0480286635461,669.5932594763838
2.0263285974433076,670.77869,670.5809528667802,670.1265455590478
2.0278191398100143,670.77869,671.2128050085951,670.700125265036
2.0293080459494037,670.77869,672.0557427327254,671.3925395796476
2.0307950792255074,670.77869,672.9046080737415,672.1825399448454
2.0322802389765533,670.9593483313521,673.7524039229596,673.0294121847936
2.0337635322661676,671.4553682452004,674.5991343119102,673.8770518924066
2.035244906018117,671.9507462570637,675.4996419961859,674.7461016214785
2.0367241571737846,672.4454144632315,676.5366020171409,675.6884268744722
2.0382011372654447,672.9393232154321,677.5785925965108,676.6916578228615
2.0396758495143334,673.4324735908613,678.6189832416213,677.7316732007376
2.0411483043350467,673.9248690722064,679.6577812997489,678.7718308011525
2.0426184641600096,674.4164970967025,680.7393879768131,679.8285911029711
2.0440861319319072,675.1547641623227,681.9679384944487,680.9591921753025
2.0455511476317514,676.1439627001943,683.2062680494663,682.1532078484366
2.04701351274285,677.1313715244731,684.4423571487644,683.3880541904854
2.0484732416001847,678.117000314334,685.6762179098336,684.6238176969277
2.0499303098911303,679.1008326535613,686.9442139258848,685.8722527987544
2.0513844892017037,680.0827143139253,688.4035421331208,687.2097101377549
2.0528355623757264,681.062498668619,689.8883019488583,688.6292756425905
2.0542835192726443,682.0401788706021,691.3698731431937,690.1060580604416
2.0557283798839716,683.2836512152405,692.8482761718836,691.5871671859456
2.057170145102755,684.7664259541905,694.3417407123673,693.0725739596385
2.058608592542974,686.2457885437973,696.0483125706729,694.6494270043328
2.0600434572930526,687.7214665373492,697.8135183112965,696.324132140881
2.0614747014989434,689.1934210040793,699.5742699698719,698.0721330590733
2.0629023524300685,690.6616799890601,701.3306010938348,699.8322413069516
2.0643264364845386,692.1262706412692,703.0830694916157,701.588148830902
2.0657469240909285,693.587162548153,704.8864701033222,703.3625042609298
2.0671637495681483,695.0544271916856,706.7223802305782,705.1658691753563
2.0685769039424073,696.5319086938734,708.553533375163,706.9913026335047
2.069986415603195,698.005581665394,710.3799663230214,708.821769004394
2.071392312575971,699.4754754074329,712.2017153895481,710.6475204131432
2.0727949769274585,700.9419893784825,713.6576379952315,712.320569161313
2.0741955364507345,702.4063027090333,714.3434058749,713.5568090657358
2.0755947772578525,703.8692372951477,715.0034344175123,714.4340358337623
2.0769927275980162,705.3308226719414,715.66285424045,715.1005662026212
2.078389391035105,706.7200826950498,716.3216670254154,715.7598969036816
2.0797848668772474,707.7060392182611,716.8814345208629,716.3782765799522
2.0811800359724004,708.6917790131092,716.6365994497241,716.6342680174916
2.082575854738743,709.677977825253,716.2142992157395,716.5277446183898
2.083972497005349,710.6647584715151,715.79174983418,716.151890514178
2.0853699642314787,711.6521219829185,715.3689508642478,715.7293041924855
2.086768258614584,712.6400699120463,714.9451516232083,715.3061607411809
2.0881676256941377,713.6287757418331,714.2727226138647,714.7807264203072
2.089568506701009,714.6185512185959,713.4008172107085,714.0917591560053
2.0909711019379156,714.3668439102422,712.5278448747691,713.2717381623808
2.0923754177133187,713.8688815194747,711.653801679086,712.3986068007191
2.0937814603744664,713.3703067848392,710.7786836731303,711.5244039902669
2.0951893708330127,712.871069739864,709.7669216362834,710.5935662497551
2.0965996633067756,712.3709880458342,708.3799877036553,709.4638862965104
2.0980127440408403,711.869917650552,706.9687183372434,708.1653845686019
2.0994286512627025,711.3678449987646,705.5546261067532,706.7593413552817
2.1008474020014742,710.8647640520458,704.1376940037849,705.3448256659929
2.1022690454647806,710.0607767392319,702.6862955333563,703.9145128871745
2.1036939061547897,709.0581305232206,700.9618174296869,702.3602368929483
2.1051223440711215,708.0529670839737,699.171326475482,700.6803317871228
2.106554449467726,707.0452229115763,697.3762384785157,698.9052716450411
2.107990250739195,706.0348780253171,695.5765178470288,697.1094908090777
2.1094297809686307,705.021909145273,693.7679697501718,695.3073674811657
2.110873242442083,704.0061739267612,691.7931274873232,693.4329814383437
2.1123209236793903,702.9874693440927,689.7295521785005,691.465391314946
2.113772949234594,701.4481736434172,687.6597843273269,689.4225523204974
2.1152293584547124,699.4353960301132,685.5837678473628,687.3518478292887
2.116690191322717,697.4165048744676,683.5014099340447,685.2748713858296
2.118155558907385,695.3913466778986,681.3472485841598,683.1647491613555
2.1196256387602985,693.3596760616738,679.1266904120085,681.002209687346
2.121100541217664,691.3213405396355,676.8988476874051,678.7960816028171
2.1225803140554507,689.2762740847343,674.6636482450638,676.5671345322431
2.1240650058437223,687.2244095724741,672.4210187190087,674.3308196045076
2.1255549487657204,685.1958861822213,669.91695296482,671.9829929577326
2.127050831164227,683.1775121443306,667.0925120852647,669.4161993595434
2.1285530750461086,681.1505546423259,664.2552852221356,666.6705511425542
2.130061763149296,679.1149020390271,661.4058874207127,663.8316898905697
2.1315769791257244,677.0704414640027,658.5441606905553,660.9804316267589
2.1330991201311247,675.0166370403554,655.4020702896815,658.0070355702383
2.134628952562898,672.9524546783614,651.9398226259424,654.8072711883782
2.1361669535541075,670.8772505887846,648.4587747811953,651.4212942079282
2.137713255745126,667.876734335653,644.9589383441456,647.9374773154526
2.1392679921156437,664.8142816475065,641.442398536745,644.4357233901748
2.1408309707819764,661.7355936403346,638.1739465154161,641.0252401168301
2.142401770650392,658.6414997664206,635.0702929466843,637.7592562387434
2.1439802851586345,655.5322099275027,631.9513964626755,634.6061297499542
2.145566629104806,652.4074979992283,628.8170302403182,631.4848913509575
2.147160757443862,649.2674527093841,625.7943833091988,628.400369359658
2.1487607604631047,645.8932462531548,624.2052781163603,625.9359361137389
2.150364321507247,642.3469675510605,623.0199607908133,624.1363068040118
2.1519709392145527,638.7939290317981,621.8323840463698,622.8441519153654
2.153580631131587,635.2340918911023,620.6425349134673,621.6562364986409
2.1551933626883906,631.6675325805099,619.4905284067207,620.4824926750699
2.156808941469213,628.0946766278685,618.4567746740278,619.3690244852554
2.1584272145934076,624.5158621290593,617.4294006383386,618.3068682614187
2.160048184948705,621.8860399255263,616.4003142434891,617.2771190760399
2.1616718656295726,620.8873505483923,615.3698381668879,616.2479122828752
2.163298134709632,619.8870691052769,614.4396495185226,615.2589021179778
2.164926761980201,618.8853371923501,613.5890073624004,614.3350095918142
2.1665576502207,617.882214607798,612.737184287296,613.4630187987993
2.1681908088738653,616.8776955436067,611.8841753617244,612.6110194686466
2.1698261914680943,615.8718085834109,611.0717797870801,611.7749664017741
2.171463359286511,614.9867378197856,610.5503055838825,611.0711482151843
2.1731018510689233,614.4867579091791,610.0846176865331,610.496230007119
2.1747415944962953,613.9863960635872,609.6185740499759,610.015763841347
2.1763825924414153,613.4856514063888,609.1521738578117,609.5496673840873
2.178024582698816,612.9846039486449,608.8819097501721,609.163744355904
2.1796668998001403,612.4834567556461,608.9097088293446,608.964191761673
2.1813091377512914,611.9823337150397,608.9406032311836,608.9150789076922
2.182951292388265,611.4816418324308,608.971496065815,608.9451607793205
2.184593345357738,610.9830310326873,609.0160109470899,608.9816368310242
2.186235023136357,610.48453415997,609.2498995524202,609.1001908984482
2.18787598922557,609.9862533923547,609.5444009030072,609.3092489963444
2.1895161628646838,609.488213252895,609.8387600338579,609.5877936351689
2.1911555452006537,608.9904133933171,610.1329771508682,609.8821318671635
2.192794018292213,608.4928896265882,610.5158128928676,610.2127053423081
2.1944311728742503,608.0875342354535,611.1162217674772,610.6614661714456
2.196066707220965,608.5837378880074,611.726026319245,611.208657370763
2.1977006127918957,609.0794473873844,612.3352235866846,611.8157485956008
2.1993328928959825,609.5746637374818,612.9449781957331,612.4253335694253
2.2009634748684412,610.06936489258,613.6113213658357,613.0581340237296
2.2025922460051404,610.5635166594493,614.3086730315243,613.7223426924023
2.2042191702843947,611.0571081094951,615.0052339725686,614.4112369147223
2.2058442539744347,611.5501411444316,615.7010068729863,615.1076822914823
2.207467509765385,612.0449772049327,616.3910876377676,615.8013290486067
2.209088982113145,612.5393378899608,617.0561458024056,616.4826476685784
2.210708713034012,613.0331676421039,617.7172029496904,617.1526293769614
2.212326712431301,613.5264694807222,618.3775534143313,617.8144463473865
2.21394298584627,614.0192450952559,619.0371994576326,618.474693474139
2.215557610410869,614.5115180019885,619.6411405711494,619.1116943944373
2.2171707611923646,615.0033415760972,620.1687923854874,619.6989805308573
2.2187825412421005,615.8901555956539,620.6955307067057,620.2462682707505
2.220392954651786,616.8815377422262,621.2218224024372,620.773063153489
2.2220020163523433,617.8720877668794,621.7388081964166,621.2956581027285
2.223609974141649,618.861958215779,622.075027863633,621.7410003107892
2.2252171551080706,619.8513504468909,622.3399648713545,622.0954198393309
2.226823652170735,620.8403216619018,622.6047891402629,622.379007733636
2.2284294662019652,621.8288723978197,622.8695008144247,622.6438154279926
2.2300346949533436,622.25397,623.0588720022805,622.8776793867164
2.231639845650612,622.25397,622.9300714500188,622.9564137594571
2.2332453742964367,622.25397,622.765569097406,622.896436204459
2.234851327151729,622.25397,622.6010232803962,622.7412804452183
2.2364577045529184,622.25397,622.4364339641664,622.5767282011567
2.2380646613893695,622.25397,622.1521318232795,622.3630876615026
2.2396725613066497,622.25397,621.7065407020417,622.0440835646441
2.2412816155849518,622.25397,621.2597689894636,621.6403139008179
2.2428918278294967,622.25397,620.8126757544361,621.1937200800465
2.2445032170611547,622.25397,620.3525471340711,620.7413688077363
2.246116136605853,622.25397,619.6353218814533,620.1792918326022
2.247731056933519,622.25397,618.8164086546948,619.4878263629764
2.2493481172101477,622.25397,617.9964102770829,618.6951406577738
2.2509673259653784,622.25397,617.1753224232315,617.8749804032387
2.252588830629762,622.0947691155734,616.2476674905919,617.0105032813567
2.254213305222833,621.095591420944,614.9210627668996,615.9472963566561
2.255841342719447,620.0942222646788,613.5533937901893,614.7085045892162
2.25747301740157,619.0906159576159,612.1826693147073,613.3503543105223
2.2591083542083368,618.084757160256,610.8085314133666,611.9790323323167
2.260748166295073,617.0761457190924,608.8465690164167,610.3648780772631
2.262394001717033,616.0638294602425,606.3469041147173,608.3367292755757
2.264046650356846,615.0479548030874,603.8368914212977,605.9738601981876
2.2657061975365833,614.0380610236246,601.3164013512365,603.4622676728251
2.2673727132086783,613.0239266674732,598.7976110091529,600.9452223769559
2.269046161120379,612.0055737957284,596.3447120153519,598.4529908555186
2.270726502174792,610.9830262002474,593.8948929905685,595.9840711675032
2.27241380353306,609.9562430110745,591.4349263324985,593.5292854158929
2.2741081521700126,608.9251713009166,588.9648533500006,591.0678384958865
2.2758094829030835,607.596211179186,586.5903290072916,588.6395756311848
2.2775175967136496,604.5463253775274,584.296332383185,586.2729925135322
2.279232443312715,601.4844179904671,581.9932936247733,583.9541680721261
2.2809541029497016,598.410345730379,579.6811049575675,581.6497510584526
2.28268285128174,595.3236164036148,577.230480675772,579.283226459705
2.2844195982540074,592.2226052771744,574.354927227541,576.6947618610662
2.2861651322892222,589.105904599865,571.433673977977,573.9119358165998
2.2879196359594913,586.2364918423646,568.4974095195604,570.9965172653966
2.28968309300555,583.6990349840094,565.6456926376136,568.0988408193307
2.291453918847446,581.1509750879577,563.773951977453,565.6265771229764
2.293230239176069,578.5950091172672,562.1514349263872,563.599934342796
2.2950117013379736,576.0316445086828,560.5242212494899,561.9101223181023
2.2967983494126507,573.460817835763,558.8927900511262,560.282412050658
2.298590191368924,570.8825176320825,557.2794101274598,558.6594851508338
2.3003872162242684,568.8052298791981,555.6735675611685,557.0444595474825
2.3021894494237136,566.78214472111,554.0630707570782,555.4347324949126
2.3039969364831796,564.7531618766211,552.4479003527707,553.8235410645823
2.3058092271776456,562.7187867429016,551.1293905381993,552.3311787315354
2.3076253825112207,560.6800733836812,550.0989648332417,551.0529235613009
2.309444946204396,558.6375339925567,549.0666053392205,549.9461422746972
2.311267937518868,556.8517024979974,548.0323011277412,548.9134929886852
2.313093759076743,555.3440083108046,547.3654022759412,548.030274834113
2.3149208668608976,553.8352520067381,547.2607799420756,547.4974485592552
2.316748314015964,552.3262154630454,547.162120719557,547.2477877581229
2.3185760907388717,550.8169067747301,547.0634437042858,547.1475571487128
2.3204040500147562,549.3074473410909,547.0528347999284,547.0849782884728
2.3222317233714573,547.99783,547.234636136906,547.1301262080292
2.324058778469661,547.99783,547.4231337737496,547.2642036701756
2.325885204662981,547.99783,547.6115665263723,547.4509183086031
2.3277109892881827,547.99783,547.8079241725222,547.6426159872212
2.3295360780997427,547.99783,548.029203796797,547.8471088982348
2.331360427281288,547.99783,548.2522005446241,548.0625553493752
2.3331840347264015,547.99783,548.4751066271223,548.2850645462178
2.335006842765584,547.99783,548.733193790371,548.5224128855035
2.3368285216531923,547.99783,549.1553030488207,548.8384943944574
2.338648767073223,547.99783,549.5978114409892,549.2259417647061
2.3404675481012305,547.99783,550.0399638340838,549.662953663164
2.342284857745975,547.99783,550.4881368469385,550.1076669001798
2.344100609512238,547.99783,550.984235574152,550.5739024202935
2.3459147114452374,548.1877848128455,551.489878105339,551.061341863402
2.3477271516106795,548.6833599682287,551.9950574542042,551.564291272923
2.349537945620671,549.1784850156531,552.4930265096322,552.0666370739397
2.351347275494284,549.6732097245578,552.8887424433584,552.5245903367847
2.353155367257763,550.1675958972536,553.2499246502936,552.9329735947315
2.3549622794007776,550.6616595265597,553.6108712180268,553.3031172549225
2.3567680175561456,551.155402152656,553.9695405867737,553.6631923513864
2.358572757174664,551.6520454147031,554.2236218019128,553.9795950208478
2.3603767650731386,552.1486001439375,554.4190087609685,554.2370541713253
2.3621801374315226,552.6449799402141,554.6143268865059,554.4478081346332
2.3639828749210334,553.1411849882859,554.8095762513739,554.6431161342616
2.365785246525381,553.6372893261512,554.8395086717641,554.7706306886176
2.367587790940205,554.1334412302492,554.7032097946608,554.7757973495702
2.3693907783765886,554.36526,554.5668770906163,554.6830862607679
2.3711942091618776,554.36526,554.4305108626799,554.546748690064
2.3729982574737516,554.36526,554.1873033556991,554.3666038458349
2.3748034121506265,554.36526,553.7511661493901,554.0723507319937
2.3766099961322595,554.36526,553.3107456510324,553.6850625894228
2.3784180192531243,554.36526,552.8699743101745,553.2456217895942
2.380227601114364,554.3137115082562,552.3579637360909,552.775746065939
2.3820392133155095,553.8159219460222,551.6315460753611,552.1945494355514
2.3838532382747504,553.3174694130953,550.8896157797487,551.5180120619408
2.3856697096384414,552.8183446642277,550.1466849125131,550.779740583829
2.3874887291386964,552.318519745763,549.3473319646953,550.0139483580923
2.3893108448120914,551.8178440697957,548.278863976936,549.119101595369
2.391136577423533,551.3161745420506,547.1729157520542,548.1058604061508
2.3929660077099566,550.8152485705933,546.064727638717,547.0088250760654
2.394799173344089,550.3140064544119,544.9453089205882,545.8966217675724
2.396636223483145,549.8117021988188,543.7578987827303,544.7522834458935
2.3984773164180884,549.3082925223471,542.5547015147616,543.5762369877549
2.4003225013605105,548.8037639690812,541.348830024319,542.3760846135556
2.402171823266873,548.2981042465846,540.1300262444134,541.1656144398836
2.4040255040655323,547.3846817880158,538.8060091551953,539.9070825271682
2.4058837969452878,545.8765377441282,537.4523061225827,538.5984960012963
2.407746782246832,544.3645854480274,536.0951848209254,537.2511785157035
2.409614545201678,542.8487557279484,534.7063103328245,535.8819402082039
2.411487750951663,541.3285087714044,532.9848385194095,534.3650840455168
2.413367193508606,539.8032001782531,531.1635978215991,532.68996198776
2.4152531025385384,538.2785108122266,529.3360909019356,530.8923220539497
2.4171455612822736,536.7716218083744,527.4933313484066,529.0602076540076
2.4190448253443977,535.2593140024051,525.5497147609601,527.1801139413623
2.42095118580346,533.7413556201425,523.5735434993841,525.2496095783328
2.422864769028723,532.2176460388105,521.5898849743943,523.2789086970967
2.424785775268175,530.6880258089673,519.5352027666653,521.2681059777813
2.426715296165489,529.0964104286827,516.9977461584913,519.0341945718999
2.4286545179517134,527.077024120143,514.3505968051029,516.5784112715417
2.4306037721420726,525.0471906829175,511.6897526425994,513.9544211590639
2.432563456358945,523.0064960575141,508.8905167051719,511.2404511370971
2.434535020605665,520.9534302996335,505.5434668627378,508.2530007861224
2.4365198459556305,518.886555244374,502.11354077555836,505.0156741627288
2.4385183238243107,516.5019183911463,498.66002211882136,501.59781702107387
2.440530057489552,512.9472647803095,495.5172987840824,498.2778617112692
2.442553297445805,509.3722800095402,493.00259321304407,495.31100262145713
2.444586876643587,505.77902620899295,490.4914554893391,492.6330333121259
2.446630898031049,502.16732147336825,487.9783422496003,490.12015012189346
2.448683842689036,498.5398496725802,486.2351591212617,487.9231001779176
2.450743150427203,495.7249403379933,484.96665536425326,486.1725088938552
2.4528078587784243,493.70724189250495,483.69482490779427,484.77813567082137
2.454877965717375,491.6842677759696,482.44046678757576,483.5143385848089
2.4569531944442,489.65628848597953,481.31004693645394,482.30619192930436
2.459033261838,487.6235806972504,480.1985458250994,481.151017261603
2.4611181551103387,485.5861569070489,479.0844659658409,480.0334969939552
2.463207009325434,484.4884942726417,478.3787557704675,479.0874581439361
2.465297604716633,483.4854258842902,478.2865210261467,478.52605895928633
2.4673885903077477,482.48217027788473,478.20023085586587,478.2753489220829
2.4694798902229733,481.47876385866266,478.14275594520876,478.1993090518996
2.471570480609352,480.4756978716257,478.52495488341566,478.3144702407118
2.473659078387888,479.8234,479.05559734979016,478.6421824022362
2.475745365214565,479.8234,479.5856526810818,479.13364823209
2.4778292270953335,479.8234,480.1712116921495,479.68660497577065
2.479910214259461,479.8234,480.91169247458026,480.3210981738493
2.4819879825085818,479.8234,481.6601487511068,481.024212382683
2.4840625264917247,479.8234,482.40772296335405,481.7702152245781
2.486133793221714,480.2053044569951,483.18558714339275,482.53043471917385
2.4882016851726783,480.70081236975204,483.9835923815394,483.3086085216395
2.490266173126205,481.19550461723,484.78028400769597,484.10079249372893
2.4923272591930195,481.6893817052004,485.5825743803199,484.9001232420746
2.4943848470808705,482.1824205601307,486.43010724310943,485.71948709520115
2.4964388378583307,482.7473273985887,487.2848495470939,486.5581077643387
2.498489232039831,483.73765895796,488.138095173166,487.41034567476663
2.5005360941413315,484.7262845379024,488.96800363919476,488.25441946224095
2.502579576468054,485.7132777011824,489.7540846379055,489.0724870738064
2.504619786398689,486.6986903112455,490.53781980925413,489.86910239699307
2.5066567449895185,487.68253253818455,491.31879443252393,490.6523214951585
2.5086906645383555,488.4395165772324,492.004746754409,491.3950766304714
2.5107218669204023,488.93388711430924,492.63412272375257,492.08276580495686
2.512750477598232,489.427626861359,493.2626956433011,492.72665235455923
2.5147765984741373,489.92076062018936,493.84558657892705,493.33671378556147
2.516801021617262,490.4134811710234,494.09022586721363,493.7929591565853
2.5188245849939155,490.90599246490893,494.26530864966736,494.09781342375067
2.520847431820749,491.4007247941457,494.44032943502526,494.2911151269575
2.5228698512293466,491.89623671084854,494.4742319307991,494.4083168092649
2.524892864856244,492.39189421666475,494.14996148973506,494.3324417511436
2.5269172430347853,492.8878860505624,493.8078524298859,494.09480740056756
2.5289430251067504,493.38422185165024,493.4652943020627,493.7571932784435
2.5309706083291696,493.88099895166437,492.93100483501416,493.33617452122604
2.5330007372213736,493.3877734249628,492.2286194243766,492.7832834613558
2.535033767153613,492.88923242288945,491.5252303098766,492.12457743597815
2.5370697535504405,492.38996643453083,490.80013925580494,491.4125573505358
2.5391092802433084,491.88983229233565,489.82051304630215,490.58884092183075
2.541153051312969,491.3886573411362,488.7638116577568,489.6443898436531
2.543201250595567,490.88740474617885,487.7048207275247,488.6069665587556
2.54525409208572,490.3873371564108,486.55587649995164,487.5117100585804
2.5473123734128347,489.8859444345412,485.13068364202104,486.2731434867207
2.549376761436236,489.3830641351319,483.68159959659175,484.91061781564656
2.5514473533894386,488.8786725723163,482.227944639906,483.46592698691506
2.5535244371229706,488.3726996263505,480.6630790143163,481.9678928147788
2.5556084993280743,487.1867150077935,479.0040424181629,480.39360254063763
2.5576998049275237,485.6772369024118,477.33923965251915,478.75690334270985
2.5597984237901947,484.1624801755247,475.6714098954293,477.0923724447003
2.561904382472376,482.6424256591363,474.01771799620985,475.4311308566253
2.5640177051945257,481.1170558712249,472.3621697027554,473.7729698495074
2.566138460938837,479.5899922589904,470.7007984809517,472.1155220330862
2.56826668424976,478.0776547581454,469.0530976922276,470.4612807732592
2.570402347833797,476.5600301222571,467.42680790595085,468.81876929817287
2.572545467569117,475.03710706813445,465.7950191060838,467.18460981715987
2.574696266792762,473.50872689016524,464.09497843053623,465.5262913013163
2.57685625963638,471.97381363073646,461.8395092889408,463.61651813986197
2.5790271574357773,470.0800394490452,459.444540322109,461.4495630937725
2.5812094313469633,468.0554851085858,457.0370210480426,459.0860406764966
2.583403057789008,466.0203987191903,454.7012259752641,456.71120845075734
2.585607772316589,463.9750256139132,452.45127751451486,454.39178351043995
2.5878235053238874,461.9194303679492,450.1902153605145,452.1147631132359
2.5900500240906457,459.64656953276426,448.0780086856576,449.917622370229
2.5922852632782427,457.12310760124774,446.68299614559095,448.06030365772403
2.5945272807434088,454.591993367686,445.3726396924296,446.5118697408701
2.5967758692749197,452.05346076213846,444.0761063341941,445.1849736152935
2.5990298756928385,449.5088116612401,443.2336134472755,444.07089668761705
2.6012876607478486,447.40421486267246,442.5907695457198,443.19113457271493
2.6035487299181943,446.4027657096692,441.9469905801988,442.4955405012421
2.605812587304926,445.4000816289713,441.5011105125817,441.9331129040992
2.6080780127273315,444.39670305028176,441.3353098614839,441.55011157494937
2.610344284402405,443.39294965819477,441.1714482424636,441.311642155616
2.6126112080773174,442.54889,441.08146699152365,441.17755077739514
2.6148778109428594,442.54889,441.29636329839224,441.19314088802787
2.6171432257193463,442.54889,441.5442442711899,441.34158761658966
2.619407336774015,442.54889,441.8047282922375,441.58598205744266
2.621669561012821,442.54889,442.2811844006537,441.9316735114774
2.623929153008583,442.54889,442.8347063966422,442.38306558368737
2.626185924142817,442.54889,443.3875373789946,442.9160903740685
2.628439651009103,442.54889,444.0319119006704,443.506620449884
2.630689847421959,442.54889,444.7800182341866,444.16949658904895
2.632936265152371,442.54889,445.52697174108573,444.8899221085509
2.6351788244083125,442.54889,446.3119145643958,445.6527473881736
2.6374170849144223,443.4149556544962,447.240088220827,446.48642696173715
2.639650676371584,444.4033833067499,448.17979544749966,447.3817587481043
2.6418795672736897,445.3897308298988,449.12847283045875,448.3221170695849
2.644103252715011,446.373774788819,450.2807897171109,449.3519004376546
2.646321070863385,447.35522230398306,451.5080723686531,450.48152735812914
2.64853287684657,448.34203766554197,452.73202804491837,451.6877833437671
2.65073887810394,449.3304459343383,453.88724086377897,452.8844383670703
2.652939520206867,450.31645301113736,454.9396324924523,454.01554226730457
2.6551350859278524,451.30018559336395,455.98853176936643,455.0934720967815
2.657325631444327,452.28166885155565,457.0272323392742,456.1391076024331
2.659511334380012,453.2655804656331,458.01125723995875,457.15807518187404
2.6616923744960803,454.25501495490835,458.9834524419712,458.1515930045383
2.6638688050022967,455.242358282753,459.9534134754843,459.1259754355062
2.6660410963769983,456.22782388288147,460.73405097438354,460.01893086788203
2.668210101766047,457.21179878711996,461.3479764318666,460.78090239167364
2.67037622464217,458.1948864121307,461.9610860092234,461.43822122062386
2.672539613107987,459.186860583678,462.51491512494914,462.0272495281649
2.6747010379756375,460.1779343904984,462.80070454695584,462.4867752839419
2.6768612060273513,461.16843191202975,463.0532572452654,462.82924859131055
2.679020203018538,462.1583924695278,463.3028948970537,463.08932442758925
2.68117882113246,463.148179301194,463.21579072755935,463.2017177385951
2.6833383872208074,463.47886,462.89628745049686,463.1076937568273
2.6854994449294862,463.47886,462.5765634911264,462.84905717916484
2.6876622698685972,463.47886,462.14018506391216,462.4815818955456
2.6898281592293394,463.47886,461.26883900053235,461.8975359368782
2.6919982448966717,463.47886,460.3546701011609,461.1227294026599
2.694172663225151,463.1793376546791,459.4324676015166,460.21650026343707
2.696352098671479,462.17914400012023,458.2379283098042,459.1847914982625
2.698537576379722,461.17617741092977,456.8957719487068,458.00118600881996
2.7007294930468495,460.1702558336351,455.54966126241305,456.6961282539562
2.702927988181753,459.1613152443583,454.1656242295598,455.33551118305854
2.7051334090994104,458.1492721668851,452.6931331985286,453.92517040578724
2.7073460369014333,457.1463724109394,451.21188372670264,452.47229089854255
2.7095659833304584,456.1401554006286,449.71325028577013,450.98621414516
2.7117937118879274,455.1304110484348,448.06522129626893,449.43091274998966
2.7140297679364784,454.1168921622839,446.3699544309657,447.80270969298107
2.716274348859611,453.09950927576665,444.6682230370853,446.1171836932255
2.7185276761773487,451.2926939269064,442.91158758096947,444.3946462485475
2.72079009788611,449.27869274158957,441.10061301610807,442.6301417314012
2.7230618466817473,447.25638861082643,439.28217250571583,440.83036023377986
2.7253433039314237,445.22544204268524,437.35475263305625,438.9692143311222
2.72763563834898,443.18481265152286,435.12400055476434,436.94606273150316
2.7299398360354714,441.1647562898861,432.862970767911,434.7824643019996
2.7322561340307487,439.14815453574283,430.58977417434113,432.5243898129997
2.7345847318844334,437.12084435112547,428.3022768490172,430.2485235573577
2.7369258350239307,435.08264688803274,426.0020320295605,427.95955286080004
2.7392796671791118,433.03336736407937,423.68255547272344,425.6547697867799
2.7416468994965726,431.00472906451114,421.1932715142043,423.27074442266473
2.744028394435872,428.9769764562643,418.6232225037681,420.79289967937484
2.7464246092779163,426.93669040917166,416.0345068716425,418.2363846900605
2.7488368022671037,424.8827995758538,413.09695727672874,415.5096004821535
2.7512669535697656,422.81361791979043,409.90941244686564,412.5610912565984
2.753716151289643,420.3300264056106,406.697156987648,409.42899164026517
2.756183314309018,417.7737012622333,403.9597754339549,406.4178381106835
2.7586658990218913,415.20139709252726,401.65878223812587,403.7347471546659
2.7611627882432295,412.61427145607377,399.3445930794092,401.31388325723
2.7636726331095662,410.02898355701655,397.5215775382576,399.20445599761695
2.7661925038328636,407.49455743587487,396.1722267259041,397.4467329210378
2.768720984470397,404.95147166749894,394.8189418426705,395.9715298556881
2.7712566720948666,402.40113728284405,393.9227638231798,394.8066157384817
2.773796863792966,399.84627280791346,393.41971034880027,393.9516574535465
2.776340300153013,398.23567105521283,392.9183496307879,393.34618309699306
2.778885870647679,397.2312209494985,392.7601791105917,392.9850300977271
2.7814316709083204,396.2266801810197,392.84741767658187,392.837419970803
2.7839768928568356,395.2223676072333,392.93868170286635,392.86193871922575
2.786520722866471,394.26624,393.27752138609026,393.0536123202442
2.7890618914453467,394.26624,393.76225837865314,393.3873081054754
2.791599922796742,394.26624,394.25037443610506,393.8351618139859
2.794134353656074,394.26624,394.8819365425017,394.3811809236574
2.796664506569635,394.26624,395.5847464417512,395.0043177519918
2.799190165758187,394.5003735904451,396.28835665552623,395.6887677033312
2.8017111744241348,394.996315274569,397.0456168715685,396.41415570438954
2.8042273066055707,395.49129763952277,397.82594920179884,397.16679957319286
2.8067384923131606,395.9853069167585,398.61134290152376,397.9431545331012
2.809244257531766,396.4782498563524,399.54913363552856,398.789678461434
2.811743953399705,397.3963804715853,400.5494511046872,399.71312191396936
2.8142374174066607,398.3851183463572,401.5487941533712,400.69663957535215
2.816724579903378,399.3713574716693,402.5817372312344,401.7100087134963
2.8192053301787436,400.35505394703944,403.62732939332045,402.7393227198632
2.8216796833249815,401.3384406894836,404.6660647791104,403.7787869351463
2.8241480693628227,402.3294583510826,405.581003374022,404.7685844299326
2.8266110689758173,403.3183134489361,406.4378928489986,405.6922036913306
2.8290689009049235,404.30509380405306,407.28828615532154,406.5616568007766
2.831522257294873,405.2900773015142,407.9219362712062,407.3249248437798
2.8339721583716653,406.04857555799833,408.43788242315395,407.9671863030839
2.8364189779304185,406.54445307216054,408.9500520829162,408.5124578832015
2.8388637546829716,407.0399165869917,409.12058967412804,408.8856049554426
2.8413082016305484,407.53531326286407,409.06039511182894,409.05118860008116
2.8437530098082746,408.03078314638594,408.99970024898244,409.0513089056915
2.846199372984877,408.17001,408.5406591185581,408.8274886021781
2.848649527827741,408.17001,407.7350769918347,408.33090674017643
2.851104533173155,408.17001,406.9279000768048,407.61556701071714
2.8535650964635204,408.17001,405.89542165655047,406.71647171834786
2.8560326788319825,408.17001,404.61652115114384,405.6420961170244
2.8585080858521517,407.1814493165691,403.3334553696841,404.4261238322917
2.860992070656677,406.1783922898578,401.82726670107513,403.05270677604693
2.8634862502854945,405.17121849474916,400.04356612258744,401.49130775411703
2.865991603445123,404.1595327201096,398.2511076809559,399.7768078966041
2.8685100791793268,402.97979068639324,395.88706741309994,397.7523917525906
2.871045945458892,401.46448379103913,392.81005679254946,395.246073622476
2.8736018411215065,399.9372083378439,389.7068056093438,392.3453172900686
2.8761785568621283,398.3974918470353,386.4883928989415,389.20175153018374
2.878777220474195,396.84466040564485,383.15242032501715,385.9653648500618
2.8813987092546043,393.26682274018276,379.78767541133226,382.6484357076511
2.884043485893014,389.1874495458087,376.43471756395274,379.29606840206117
2.88671193980955,385.071555893599,373.07798835495583,375.938473225152
2.8894049548262903,380.9177785530892,369.60032644264874,372.5331706424359
2.8921282858855415,377.4846654403491,364.82545548542913,368.55558573226216
2.8948893166306515,374.9234126151937,359.57969177363447,363.92797749396453
2.897690693425862,372.3247330301274,354.39265587065455,358.82979540993307
2.900531448838822,369.68952411769305,349.6770127488489,353.8205492543028
2.9034108065521482,365.93081264614284,344.95444576138823,348.9784244744615
2.9063243475531846,359.74870776813805,341.51273423751013,344.7826143466739
2.909261495810979,353.51651176833,339.42625904181926,341.56036545865396
2.912216180299506,347.2471064697638,337.4706150795262,339.1720377971264
2.9151832327223586,342.68315915361404,336.6001629426888,337.62682819388294
2.918156966724382,341.1715640162372,335.9555652486576,336.5642988744694
2.9211345274503655,339.6580236956913,335.73525794802913,336.03435017634274
2.9241114799417347,338.144792550238,336.09291957097884,335.9396261018619
2.927085068469496,337.33224,336.49533441005065,336.16403080064435
2.930053393018962,337.33224,337.2863640854836,336.7139754667831
2.933014356827693,337.33224,338.1705331041259,337.4412452438301
2.9359673651654488,337.33224,339.1061923057302,338.3220868048118
2.938911866770262,337.59994486492593,340.127440287578,339.27931775360776
2.941847469965264,338.0936264163443,341.1651278563987,340.2848537549708
2.9447730590262844,338.5856238868867,342.46033609496436,341.4237705590711
2.9476872653087227,339.0757071110488,343.83563535852113,342.6842565830279
2.950589726933445,340.1290934837234,345.2374812376832,344.04942812511365
2.9534801170728766,341.60556252495644,346.71378051877576,345.4748246468755
2.9563582487610285,343.07576970431796,348.18456894085034,346.929336618028
2.959225048513826,344.540188304657,349.45979233693777,348.32142091050594
2.962081880515127,346.01388028220913,350.6182927362875,349.6001027573697
2.9649293352947583,347.49511889446626,351.7652349082979,350.7844820462984
2.967767711372667,348.97163478956645,352.8647418220142,351.9150152048674
2.9705972978912385,350.4435783786312,353.9539882591374,353.02275904018825
2.973418313935322,351.696765077176,355.01200943024133,354.10189950968885
2.9762311279724285,352.6847212253863,356.0211417675235,355.1480745071986
2.979036005500218,353.669889801055,357.02387906176483,356.1674092258763
2.981833410113598,354.65243363451214,357.9256753963248,357.1304546626852
2.984623971336295,355.6363208901083,358.7770458862696,358.0380609847782
2.987408089227841,356.62641412241476,359.58424597522196,358.88455530241214
2.9901869155115612,357.6146255432103,360.1445199758795,359.602141853799
2.992961577644027,358.6013561007177,360.6643369786965,360.21060261620596
2.9957324246807633,359.5246644835984,361.1369139738839,360.7216706317231
2.9985000105134096,360.0214795424564,361.5147643181101,361.1678160506488
3.0012647215604926,360.51777854261,361.8883325285657,361.5687577566965
3.004027175789115,361.0136724166126,362.10562887006193,361.8794033018465
3.0067883899547265,361.50934368433843,362.2134294663013,362.09281368058726
3.0095488682043623,361.54374,362.29871910080004,362.22010866831175
3.0123095798525545,361.54374,362.15219670637873,362.21629788748015
3.0150716420923973,361.54374,361.9445074473187,362.1055102610386
3.017835552383377,361.54374,361.6680853273036,361.88569556444315
3.020602444447718,361.54374,361.1649426769773,361.5343834856984
3.0233732651466356,361.54374,360.64323696900334,361.0831007049424
3.026148554674572,361.54374,360.0028646789185,360.51763015056844
3.0289293352128412,361.54374,359.2205112721317,359.8501945391102
3.0317162165163865,361.00499320711174,358.4284369617224,359.10109810407204
3.034509892787056,360.00574501482515,357.47539392517143,358.24560274947277
3.0373112853418625,359.0037368452802,356.4567069089999,357.30787774780305
3.040120678368943,357.9988670494465,355.44228398122345,356.3081564018578
3.042937987293335,356.9954193552246,354.45638568634314,355.3043054479846
3.0457631396101164,355.9956612726951,353.471416926319,354.3113062390888
3.0485961561117607,354.99312023140897,352.49123959318865,353.32805736618997
3.0514370320401483,353.9877979151579,351.5183229777005,352.3495989693016
3.0542858311823884,352.9834511881875,350.53325653695447,351.36979846670306
3.057143315285183,351.9847248064748,349.3850319392718,350.3210507682639
3.0600104583744705,350.98262248834953,348.1755537494226,349.19051782151274
3.0628874861179294,349.9770653601397,346.9883485687895,348.0062344301072
3.065774039913361,348.971387037722,345.88115909073537,346.8459804694252
3.068669833207971,347.9717576971764,344.77763536285994,345.7193056227351
3.0715741779169203,346.96917640398533,343.8471155901288,344.6857236469212
3.0744858511390314,345.9640653042668,343.0440912486084,343.76207801350074
3.077404277788849,344.95939237084804,342.25757105487696,342.932376242396
3.0803289644466147,343.96052748703755,341.57704602421177,342.1849677324682
3.083259414119312,342.95969436733935,340.9127143796194,341.483277325455
3.08619489524051,341.9571428627987,340.40698055362503,340.87969734131815
3.089133890520013,341.10378055169224,340.09782553763245,340.4129291735611
3.0920754087894906,340.60537831780346,339.82327060802527,340.06639286575864
3.0950178910750297,340.10681274385877,339.87496288579354,339.9164703755322
3.0979595753885043,339.6083823759618,340.00767001203803,339.915792422053
3.100899488972976,339.46235626112957,340.2845473707962,340.086335912842
3.1038359139380294,339.9594669567423,340.81619328414826,340.42981147069247
3.1067676551158074,340.4557847287223,341.3727210069549,340.9048303080258
3.1096931201217277,340.9510400004867,342.2804835691424,341.59878035924635
3.1126103118232304,341.44584530359316,343.31193939808657,342.4651097122342
3.1155180609140887,341.940525492084,344.5073940661207,343.5313340446069
3.1184138530424326,342.43317150489963,346.15384026618574,344.86860521879413
3.121295825021369,342.9234663677705,347.81943061839405,346.40460452199187
3.124163656982903,343.78399631712387,349.5759238091704,348.10242871895264
3.127016895497638,345.25969373663315,351.38662637814616,349.85729550051434
3.12985519535163,346.72766486792807,353.2655679728453,351.68174603001296
3.132676559217341,348.18687669148403,355.6192636007424,353.73736018894766
3.1354790431444,349.9237005111099,358.0415793019529,355.99465314965903
3.138262538338217,352.3771009859165,360.4878388365804,358.4087831895975
3.141026973027796,354.8137013418482,362.99607868678197,360.87416414315413
3.1437724367985505,357.23358054038135,365.48681065955117,363.3589715017984
3.146500479947768,359.6431262736178,367.64578113509344,365.71832787798144
3.1492134071111058,362.10227567723086,369.57033630618395,367.8682459165455
3.1519123035338223,364.5487068302773,371.47820482967984,369.8474482791338
3.154597738465034,366.98293573209776,373.2844930795265,371.71806236853615
3.1572703445793517,369.40553587445856,375.0529287086565,373.5354812554398
3.1599305583305695,371.11440835844473,376.7702789987994,375.29290882648434
3.1625795395387155,372.59003235291084,378.23982479642274,376.9220993315584
3.1652183980058077,374.0600174400329,379.66633428956845,378.43900519915496
3.1678476442751684,375.52464801970564,381.0103153852276,379.8429797895873
3.170468480102067,376.8157043742128,382.10659067268733,381.1070889041775
3.1730818785161468,377.80119889272487,383.18198472578456,382.2597783239673
3.1756888197175313,378.78425844086223,384.0015179930469,383.23578844434206
3.17829192518576,379.7658715604798,384.31169496591554,383.9136801577276
3.18089297962544,380.7467112513766,384.6073500111487,384.35150717189805
3.18349324728138,381.7368312183321,384.5442444003207,384.50393819156784
3.1860955562605593,382.728689742343,384.0043802494916,384.3395408921653
3.1887015383509416,383.72194825639554,383.4609872262553,383.92328190248094
3.1913120112489963,384.7169184218719,382.68450917093844,383.28528783263005
3.193928459927231,384.8086035951817,381.7116192375272,382.48945016355805
3.19655161132978,383.80966148920743,380.7313355167285,381.56504785907816
3.199182202152432,382.8078863214521,379.5559591834645,380.50674750363305
3.201821311729432,381.80286706248626,378.2775574011514,379.3403194584546
3.2044694041287762,380.79486999203937,376.9853086152064,378.0832657432562
3.207127022412651,379.79356366070533,375.5708719596114,376.7445719625056
3.2097948130773517,378.78842469870824,374.1159603195944,375.3455964758262
3.2124731465957796,377.77931352360156,372.62002780638016,373.8844893918882
3.2151629565537525,376.76587838984074,370.93076360778053,372.32008215468244
3.217865173275977,375.40518718161024,369.20633946384356,370.66711809268503
3.220580219863063,373.89145742757114,367.43353739365955,368.93208921053855
3.223308793034054,372.3701861482318,365.5551016113494,367.1286839275153
3.22605147651217,370.8410478982719,363.6626466337308,365.2722097765379
3.228809348659979,369.0923236232634,361.54034382398635,363.28923203370283
3.2315843115844127,367.07248523512817,359.1976211636721,361.13688117559394
3.234377508398209,365.0393747742828,356.8356184709009,358.8440719054058
3.2371895392475007,362.99255540671265,354.4024561696852,356.4579624963755
3.240021083739011,360.7987475447867,351.9344646740897,354.0291907504978
3.242872591165928,358.27301625251675,349.45769041770916,351.56673528917196
3.2457443386351392,355.7293572818212,346.99111238604723,349.0964434883739
3.2486366291399973,353.16750225542455,344.51125175249393,346.6217473478139
3.2515476149347906,350.60738554836007,342.54684153086987,344.3566208442358
3.254473630952928,348.08727171438886,340.9800075160101,342.4199515829108
3.257412859372451,345.5557783270233,339.4740134928954,340.7737697071558
3.2603634592101756,343.0144909849614,338.35610581354894,339.41086943365246
3.2633235607668127,340.9431601795511,337.29804534569854,338.21569616065193
3.2662923332974865,339.94001961929644,336.3822972375533,337.2002628011409
3.2692684907568204,338.9343837107465,335.6260089255394,336.3125392364054
3.2722510275619965,337.92659223773467,334.94478188637163,335.54518822083503
3.2752371637923368,337.12705546811594,334.81705028364513,335.0711153709377
3.278223947617123,336.62765852961866,334.79954023439956,334.8433774051614
3.2812100390577266,336.1283773593059,334.97235822750054,334.8749600805547
3.2841935382057033,335.62952962612064,335.381694693242,335.0947897644501
3.287173288941786,335.38935,335.81566818580814,335.45218574016474
3.290148317556522,335.38935,336.4473668711734,335.96073197684217
3.2931175796775776,335.38935,337.1213248693718,336.55788770706056
3.2960805365302157,335.38935,337.8809219357251,337.25585927408764
3.299036301941669,335.99281918583983,338.76391533351364,338.0435659010213
3.3019843253737324,336.98321019924106,339.6579219250932,338.89870665195417
3.304924022675267,337.9708040419134,340.68578693741966,339.8446845454685
3.307854715961402,338.9553729778502,341.7482491223471,340.85161832145184
3.3107756831626522,339.6140739867096,342.9586002516697,341.96561606126875
3.3136850867555285,340.1066102037372,344.470838406838,343.26090083871964
3.3165817006817315,340.59698124366264,345.99388431744177,344.69838491966436
3.319464649640536,341.0850389258385,347.7446335059117,346.3119170246892
3.3223327248980787,342.5442191241427,349.59203211236354,348.04255118043267
3.3251856579316676,344.5025735123063,351.44579856175255,349.8672088915684
3.328023361627928,346.45047394335415,353.35459065155794,351.74185657904616
3.3308457910009004,348.3878895373291,355.25993799567914,353.63480393297004
3.333652062952492,350.34055516019475,357.43600875912153,355.6520070379762
3.336440049336308,352.30074732329035,359.93632406682184,357.88995548825983
3.3392088817161962,354.2474725883378,362.398204679095,360.2894711222911
3.341960778256688,356.1822905141478,364.3787007630736,362.56414422504747
3.3446984953378696,358.124508881408,366.16132561527604,364.5898103362114
3.347423168144997,360.08665381719084,367.8757687523706,366.39639251350764
3.3501364404391154,362.0405887914658,369.24409058560616,367.9868663857702
3.3528398890622233,363.98744935068726,370.5540523094226,369.42205605714156
3.355534123310193,365.8846043906658,371.773903117422,370.7103946474378
3.358220321201083,367.36377395123645,372.7742245264327,371.86391004032834
3.360899367432091,368.8390054111778,373.76141720910175,372.91643230549107
3.363572381963772,370.3109154828951,374.45813432719643,373.78802122598154
3.366241703283525,371.78079186726404,374.79613949232913,374.41391556061933
3.368908636862974,372.5122823055158,375.1289464960584,374.8438787128391
3.371574163047163,373.00679705440473,375.19195673416255,375.0674767238115
3.374239826471296,373.501337264374,375.09032518902734,375.13377718599804
3.3769063282517306,373.9960330081956,374.9560759603362,375.061962467796
3.3795754152786683,374.29355,374.3642823873826,374.7487505232086
3.3822492569077793,374.29355,373.62390723549873,374.2160744918115
3.3849286916296837,374.29355,372.80309177080125,373.48170421603504
3.38761565288067,374.29355,371.5343303910785,372.49840345837663
3.390312076674955,374.2223635693449,370.19126990382466,371.316685635246
3.3930188662674197,373.2191876779093,368.69446138658856,369.9301019507946
3.395738123461624,372.21139111055413,366.8053649070297,368.31284703063454
3.398471532788853,371.19834955529814,364.88664082465266,366.5145032941365
3.4012193298367275,370.1799756999162,362.97417745735186,364.6061162531038
3.403981614860861,368.3496537803462,361.069079837424,362.69502947995227
3.4067585859674034,366.3300931787421,359.14520921878795,360.78030600878395
3.409551147134586,364.29919465857984,357.04935475406427,358.79087427255985
3.4123604401982264,362.25612781632117,354.88013171668194,356.71006123768757
3.4151870968704805,360.2299832028889,352.67640346673915,354.54594093552697
3.4180318760304855,358.20661993620524,350.373411083136,352.31058121114916
3.4208955159685197,356.16984184773764,348.0461702922444,350.02368744978133
3.4237789852100278,354.1189600689672,345.5715828740358,347.64241893485183
3.426683856346457,351.782791137658,342.93719649076735,345.1409884332101
3.429610952548561,349.2449558333342,340.34366517072493,342.5652604109517
3.432558108980344,346.6897280158928,338.2828313961754,340.1793316749371
3.435522748411049,344.11934218216993,336.3410533110961,338.02756726938554
3.4385038335762736,341.9094247849989,334.5603062437674,336.1205577812282
3.4414996283202393,339.88659243994243,333.04561015644305,334.4066103567865
3.444508823609244,337.85471172600137,331.587103652055,332.84515892345115
3.4475284604301577,335.81578063969346,330.74527257482936,331.6246499986054
3.450555041013751,334.5953423755202,330.0671693199405,330.6881695561963
3.453586274794409,333.590423161359,329.73034744285854,330.10699071586146
3.4566182771210316,332.58524915767566,329.89979677550826,329.88814061252344
3.4596484143791395,331.58069346433103,330.1363951955196,329.95231761449014
3.4626739866423595,331.53707,330.8964508538592,330.38583481418044
3.4656920906372024,331.53707,331.7723962005872,331.0560859872161
3.468701117013734,331.53707,332.896326655856,332.0032672798343
3.4716985959849027,331.639552598338,334.33413815272894,333.19079223188095
3.4746830429582967,332.6306668558093,335.81001867677423,334.561876335535
3.477652920009051,333.6169425424541,337.623415730524,336.1660979875779
3.480606607716454,334.59784185982244,339.5014475842296,337.9174557876167
3.4835415894454673,335.6678765395393,341.9425441993234,340.0092984976405
3.486452199386126,337.1375966753801,345.21423040359497,342.64311156432825
3.4893354903829428,338.5935220387596,348.45269223354325,345.68332165737144
3.4921928522450854,340.0363544174686,351.5069831258269,348.8550181848205
3.4950258028714547,341.76782560725724,354.4832757407053,351.92564970116183
3.497837674387294,345.17517020302284,356.79428520533884,354.64974385181654
