0.3023228747047816,155.98369610914864,172.63240616414961,184.37918551098784
0.30806865370790426,161.19981920680084,175.47237225425314,184.47750455365406
0.31371994093687333,166.3301609464453,178.4544255248059,184.57582359632028
0.3192873546142744,171.38436074443507,180.79404163838086,184.67414263898647
0.324792268762823,176.3818223288837,182.5259656241824,184.7724616816527
0.3302457242297187,178.0288567700874,184.22182884994598,184.8707807243189
0.33565479053743885,179.479965764116,185.53239720639147,184.96909976698512
0.34102791914983055,180.92143362787385,186.69384502333926,185.06741880965131
0.34636850421168597,182.35417092036596,187.8002288033661,185.16573785231753
0.3516821894421213,183.65286105421484,188.58803568483103,185.26405689498375
0.35697455585679627,184.87420110153113,189.31615080021717,185.36237593764997
0.3622489496622149,186.09139353968368,189.87516872260565,185.46069498031616
0.43616339702738527,188.23091,188.95974001311313,185.55901402298238
0.4414480700136667,188.24349855398805,189.49394864108444,185.6573330656486
0.4467163273937606,188.4908956482959,190.13932203338558,185.75565210831482
0.4519674156186531,188.73748647996277,190.73504287837875,185.853971150981
0.45720488845408513,188.9834379336442,191.1289191223424,185.95229019364723
0.46243189441550414,189.22889786346295,191.49966260240336,186.05060923631345
0.46765064355952535,189.6292771792525,191.7340765745031,186.14892827897967
0.4728679381221984,190.12354955560772,191.60640723599107,186.24724732164586
0.4780889792497846,190.61817687139,191.45900965006834,186.34556636431208
0.48331587666845754,191.1133589963511,191.17736588461028,186.4438854069783
0.48855367894874746,191.4767650226191,190.66286482451503,186.54220444964452
0.49380571078942664,191.22726410604648,190.14284813338122,186.6405234923107
0.4990709769873838,190.97713448340897,189.7054968845836,186.73884253497692
0.5043471974446923,190.72648447212353,189.35404686400287,186.83716157764314
0.5096332066525445,190.47536944038376,189.00354535823126,186.93548062030936
0.5149278009936105,190.2249662228375,188.74040284871535,187.03379966297555
0.5202290770140343,189.97457796111834,188.52737758004795,187.13211870564177
0.5255362812170936,189.72390970127427,188.3189872972424,187.230437748308
0.530848412014679,189.47300875001122,188.1778192359202,187.3287567909742
0.5361642260651065,189.2225056527281,188.05810315009336,187.4270758336404
0.5414831233589843,188.97273051068603,187.9597115277297,187.52539487630662
0.5468029936336772,188.72290967751513,187.98930773860883,187.62371391897284
0.5521217256362065,188.47314229754625,188.0401736576047,187.72203296163906
0.5574382295584126,188.23091,188.1469203997341,187.82035200430525
0.5627492785827937,188.23091,188.42672729536795,187.91867104697147
0.5680522797190792,188.23091,188.718429767093,188.0169900896377
0.5733451206013838,188.23091,189.15097252563908,188.1153091323039
0.5786225145370356,188.23091,189.82515732757247,188.2136281749701
0.5838811735586436,188.54938829997053,190.5011406777569,188.31194721763632
0.5891220314428002,189.04303332599014,191.1167640633521,188.41026626030254
0.5943468348510776,189.53516615451494,191.6735680129084,188.50858530296875
0.5995565363406793,190.025876508475,192.22638310481616,188.60690434563494
0.6047536050794853,190.51652894292272,192.6063081356331,188.70522338830116
0.609941861638671,191.01090142063984,192.8798342978672,188.80354243096738
0.615122914973155,191.50458752596913,193.1422339980603,188.9018614736336
0.6203003980321466,191.9979334310941,193.14584794973,189.0001805162998
0.6254792623907481,192.4914109558688,193.039233169337,189.098499558966
0.630661375419384,192.6306,192.90376640497323,189.19681860163223
0.6358519461813563,192.6306,192.4109443394476,189.29513764429845
0.6410572969941979,192.6306,191.81001678523717,189.39345668696467
0.6462794699850833,192.6306,191.17337540208686,189.49177572963086
0.6515223759997806,192.43643619084605,190.29647412244157,189.59009477229708
0.6567901986172963,191.6856739155794,189.36929538311233,189.6884138149633
0.6620845857776798,190.93112570101806,188.39178090320343,189.78673285762952
0.6674091463888371,190.17227721095387,187.2296628385998,189.8850519002957
0.6727672276276169,189.4086514107011,186.04206562016444,189.98337094296193
0.6781607803287013,188.43102628651417,184.77536194722558,190.08168998562815
0.6835936835857446,187.41929194961438,183.35739840442545,190.18000902829436
0.6890689725748418,186.39966439273903,181.92573580828576,190.27832807096055
0.694581844439782,185.37303802065003,180.86468573349214,190.37664711362677
0.700122597832982,184.35620338813038,180.09868238574518,190.474966156293
0.7056850723823112,183.34400070887705,179.45467799894942,190.5732851989592
0.7112454519322041,182.33217925636436,180.23468987554625,190.6716042416254
0.7167757649133282,181.32582901296803,181.41232980406522,190.76992328429162
0.7222669666719286,181.1048598005438,182.81204689460392,190.86824232695784
0.7277046570565447,181.8448353209971,185.00423249849902,190.96656136962406
0.733077668236988,182.57600912153163,187.2399487714233,191.06488041229025
0.7383866785289852,183.29847350917436,189.49155753179053,191.16319945495647
0.7436323755661776,184.1253267547676,191.78713371457854,191.2615184976227
0.7488160000300432,185.81958391851896,194.05663452492828,191.3598375402889
0.7539445252780329,187.49583201508852,195.92800176535025,191.4581565829551
0.7590296275640114,189.1578874044179,197.38313802508662,191.55647562562132
0.7640775192383888,190.8077805806641,198.82714037291277,191.65479466828754
0.7690986846618987,192.3468055914199,199.4878591255953,191.75311371095376
0.7741121699018608,193.80507342264298,199.43623016013416,191.85143275361995
0.7791269616019476,195.26372126271843,199.38393107565673,191.94975179628617
0.7841522975500848,196.72543609850652,198.60095225693,192.04807083895238
0.789205855095025,198.19535972414718,197.16506192365682,192.14640995373557
0.7942965058674882,197.80270490385442,195.7173505518799,192.24486950122053
0.7994287864037717,197.29933913952533,193.98069998513182,192.34356991410914
0.8046102973384219,196.79114493744294,192.01708789598916,192.44263162510316
0.8098453592317527,196.27769854404784,190.03263797725626,192.54217506690438
0.8151359592643762,195.06918730011034,188.00716880865392,192.64232067221465
0.82048433419269,193.03050747289205,185.94951543765674,192.74318887373573
0.8258914143978617,190.96945051892294,183.94672407694958,192.84490010416945
0.8313467115210316,188.89001436391226,182.6738400913112,192.94757479621762
0.8368374296811983,186.97789549842804,181.58051794414226,193.05133338258204
0.8423544182114131,185.9623039199142,180.93723728192282,193.15629629596452
0.8478678879298167,184.94736009979653,181.81285574569807,193.26258396906684
0.8533531079562027,183.93761660756633,182.8060345732831,193.37031683459085
0.8588018844252616,182.93458180608465,184.25456302878268,193.4796153252383
0.8641994185130295,183.5688380296221,186.29626397706406,193.59059987371103
0.8695383262631179,184.3038115683191,188.3231607096894,193.70339091271086
0.8748161017529392,185.03036941681128,190.6385182214964,193.81810887493955
0.8800280124178281,185.74786007296333,193.1138804222516,193.93487419309895
0.8851741016425321,186.99936143715354,195.5459799570814,194.05380729989082
0.8902604190055811,188.68113190169032,197.67737172341322,194.17502862801703
0.8952938811087772,190.34542598625097,199.6734838888401,194.2986586101793
0.9002781339254947,191.99344921732893,201.5995154626023,194.42481767907952
0.9052278853966927,193.63006471669456,202.46302095404295,194.55362626741945
0.9101616683880318,195.32390988636007,202.90592028032773,194.68520480790087
0.9150851605741983,197.01901608502885,203.3102176821232,194.81967373322564
0.9200119405665093,198.71525424052112,202.63555770584583,194.95715347609556
0.9249612812597289,200.41925980632112,201.46207670865383,195.0977644692124
0.9299398248012687,201.57076108535796,200.2654024664591,195.24162714527796
0.9349557127201651,200.82209553021445,198.47562360033444,195.3888619369941
0.9400210514910694,200.06604899882717,196.37586628362646,195.5395892770626
0.9451409439888824,199.30185984206597,194.26870184859317,195.69392959818524
0.9503120580348677,198.53002541702568,192.50321145811438,195.85200333306383
0.955528918366367,197.0877708811521,190.8760437512336,196.01393091440022
0.9607894592303446,195.30773706544477,189.3193734919503,196.17983277489617
0.9660807806808204,193.5172878787232,188.6591938664336,196.3498293472535
0.9713872023085767,191.72172917439167,188.24309131986917,196.524041064174
0.9767030462996411,190.2802332621303,187.99084300642886,196.70258835835952
0.9820142059767715,189.77996639457464,188.575659481731,196.8855916625118
0.9873073120826361,189.28140002259704,189.2756102961597,197.07317140933273
0.9925777828244402,188.7849657127985,190.19938351836421,197.26544803152404
0.9978141289009905,188.29174566135987,191.75265842139237,197.46254196178757
1.003007889508957,189.09263713151003,193.33124524275235,197.6645736328251
1.0081579837078178,190.06846908438627,195.01849668397475,197.87166347733847
1.013260961207699,191.03537343737733,196.9187624903611,198.08393192802944
1.0183150927058877,191.99302252485646,198.80610033651178,198.30149941759987
1.0233236946540782,193.19324687354626,200.5142323741465,198.52448637875153
1.0282931890429956,194.89433562144254,201.94629303897904,198.75301324418623
1.0332277323219232,196.5834603876382,203.36467090984382,198.9872004466058
1.0381342237674152,198.26298283728406,204.26055027506172,199.227168418712
1.0430303963127476,199.93897306341208,204.22178965280227,199.47303759320667
1.0479277290620703,200.88284559127268,204.16378321365775,199.72492840279162
1.0528304743790424,201.37493806600088,203.7713066169752,199.9829612801686
1.0577518154322016,201.86889700966594,202.62521918548586,200.2472566580395
1.0627015014039074,202.3657009555108,201.44427031452133,200.51793496910605
1.0676805731606336,202.86545437613714,200.24063312896317,200.7951166460701
1.072690258797877,202.2234582629988,198.98993214400588,201.07892212163344
1.0777316574677784,201.46662751504607,197.72937603776552,201.36947182849786
1.0828059258927527,200.70486225527515,196.42045779512387,201.66688619936522
1.0879154892108154,199.93779841428025,195.0075245098908,201.97128566693726
1.093062400908356,198.91980501246536,193.5802538108446,202.28279066391582
1.0982478242226512,197.40278954664547,192.12183342002027,202.6015216230027
1.103473425182345,195.87401995666715,190.61519676199856,202.92759897689967
1.108740673266078,194.33306634092185,189.09580070484967,203.2611431583086
1.1140439739679788,192.78156539354535,188.0308344458805,203.60227459993126
1.1193703566604976,191.71914099502047,187.45938989562637,203.95111373446946
1.1247125892748349,190.7069029497589,186.9167084238124,204.307780994625
1.130051136368607,189.69536323128352,187.71877423020896,204.6723968130997
1.1353568864626655,188.6900378380308,189.23686871372868,205.04508162259535
1.1406188090256046,188.76880318182006,190.85926821917408,205.42595585581375
1.1458165777340645,189.7536684276824,193.94598368857874,205.81513994545674
1.150927148807169,190.72201159928565,197.43074131236796,206.21275432422607
1.1559490628317164,191.67355616925383,200.85319594586474,206.6189194248236
1.160887011787445,192.60919116671417,204.20093585322118,207.0337556799511
1.1657453308579968,194.9714684424266,207.4903632120907,207.45738352231038
1.1705277212925758,197.3306183484449,210.7357235777086,207.88992338460326
1.175236306555448,199.65336021411667,214.04610829060576,208.33149569953153
1.1798727381594714,201.94050872959644,217.34534931631248,208.782220899797
1.1844398414289725,204.24775552337803,220.59307253045662,209.2422194181015
1.1889500791823593,207.58662121018142,222.85405894940774,209.71157160087398
1.1934227015804497,210.89764077756433,224.31567496038744,210.19019744945226
1.1978663677116066,214.18722442707144,225.76782830283426,210.67797687890123
1.2022856039242935,217.45872295092192,226.80142476789266,211.1747898042859
1.2066970043865415,220.72442077873347,226.5694583980203,211.68051614067122
1.211113792593224,221.88640227088706,226.2484969196115,212.1950358031221
1.2155373877877071,222.62325092416756,225.8727513940193,212.7182287067035
1.2199775583728973,223.3628605792539,224.5641948403539,213.24997476648045
1.2244471481069987,224.10737065115117,222.91028084645393,213.79015389751783
1.2289501512826768,224.85744647858095,221.2440026397694,214.33864601488062
1.2334876605990315,224.36174651965484,219.5330833368938,214.8953310336338
1.2380612377233646,223.09931120469417,217.76851033113,215.46008886884226
1.2426721822874778,221.82656143032335,215.98939319516515,216.03279943557104
1.2473174773574607,220.54432995475503,214.55851815268642,216.613342648885
1.2519816272602258,219.25689401753345,214.24439662652895,217.2015984238492
1.256651747872593,218.2843371584478,214.01019552367424,217.7974466755285
1.2613243654276545,217.52816597039205,214.0154189697338,218.4007673189879
1.265979111090076,216.77488699641782,215.65989331276643,219.0114402692924
1.2705953623521122,216.02783758352575,217.60078144802748,219.62934544150684
1.2751706688157562,215.28741428040624,219.53698266219723,220.25436275069626
1.279702251099713,215.82479808740408,221.8217908936762,220.88637211192562
1.2841859433182772,217.28867725369332,224.2524008907818,221.52525344025986
1.2886215508255305,218.73685725873912,226.65694416111333,222.1708866507639
1.2930113413195112,220.17007848251222,228.95727845374222,222.82315165850272
1.297358738055268,221.5894585824036,231.09811361410758,223.48192837854128
1.3016662483724213,223.24481646893423,233.21688497129196,224.14709672594455
1.3059351634620122,225.42814592149307,235.29544758975197,224.81853661577748
1.3101686760790865,227.5933688389448,237.13263451994507,225.49612796310498
1.31437016305873,229.74221229792238,238.89584044338366,226.17975068299205
1.318540865061013,231.87531083193505,240.6461270707142,226.86928469050366
1.3226854153040422,233.99503409260137,241.91863630537304,227.5646099007047
1.3268166689903897,235.4014776656285,242.19606801028866,228.2656062286602
1.330943470154018,236.6223478915293,242.4409259311236,228.97215358943504
1.3350662523482981,237.84202914809973,242.66848461709915,229.68413189809425
1.3391926272879011,239.06277328015656,242.01931448889184,230.40142106970274
1.3433343502012836,240.2880579469938,240.87422717341067,231.12390101932547
1.347495857095432,241.25745632251375,239.7236700605015,231.8514516620274
1.351678694377743,241.00709855959576,238.4242082559833,232.58395291287349
1.3558908649880244,240.75498509214663,236.3990050261216,233.32128468692866
1.3601403383735624,240.5006389202594,234.2572935583827,234.06332689925796
1.3644290224976345,240.24394584551197,232.09622893781432,234.80995946492624
1.368750979199652,239.98526128804153,230.66158209423256,235.56106229899848
1.3730935593809024,238.63691197680248,229.8953798852849,236.3165153165397
1.3774506612846689,236.8529789781768,229.12661547240316,237.07619843261477
1.3818204515359969,235.06385097552936,228.56195288847331,237.8399915622887
1.3861922569375735,233.27389790771133,228.91522391205658,238.6077746206264
1.3905562820863853,231.48713031729358,229.37774390239764,239.37942752269288
1.394911311801187,230.40471,229.86188331825207,240.15483018355306
1.3992438210908884,230.40471,231.77226864157532,240.9338625182719
1.4035331818507832,230.40471,234.513793828011,241.71640444191436
1.4077729683941969,230.40471,237.223633882169,242.5023358695454
1.4119642801953551,230.40471,239.96974386614258,243.29153671622998
1.416105974114958,230.40471,242.94276614171764,244.083886897033
1.4201973739756832,233.32761335112536,245.9054350412451,244.8792663270195
1.4242400571041207,236.45581091369536,248.83282712782963,245.6775549212544
1.4282371834283327,239.54875696646127,251.54130128870082,246.4786325948026
1.432193510646174,242.61013297996146,253.9899181702627,247.28237926272914
1.4361120607607245,245.64227735727331,256.4144589637796,248.08867484009892
1.439993950004063,248.57419588216408,258.8097274169053,248.89739924197693
1.4438445631554189,250.772030349872,260.5942035090689,249.70843238342812
1.4476717702083195,252.9565051971981,261.98377929940887,250.52165417951744
1.4514787838124863,255.12945412490978,263.36602328694147,251.33694454530982
1.4552660255454013,257.29111775897593,264.7262958376115,252.15418339587023
1.459038125615873,259.4441389077266,265.48341248550713,252.97325064626364
1.4628016961742532,261.5922916225601,265.9272157732736,253.794026211555
1.4665589961858285,262.1098390122802,266.37027963305036,254.61639000680927
1.470310256859026,262.600950440828,266.7841394696695,255.44022194709135
1.4740631105916902,263.0922704311844,266.1444062311907,256.26540194746633
1.477828800082237,263.58527086658034,264.9694292321397,257.091809922999
1.481611262974111,264.0804672594969,263.7892185671675,257.9193257887544
1.4854108283223615,264.57790268950384,262.5895131962148,258.7478294597975
1.489230747938761,264.2530171193386,260.986620791904,259.5772008511932
1.4930756211474228,263.7496500279545,259.1927652359576,260.40731987800655
1.496947291865526,263.24277463248546,257.3864070931827,261.2380664553024
1.5008462465561139,262.73232724565923,255.57796845163728,262.06932049814577
1.504771934084829,262.2183800214541,253.89250641695617,262.90096192160155
1.5087235342377543,261.70104034148494,252.23699070705473,263.73287064073475
1.5127012431223696,260.32015912060547,250.57053679139898,264.56492657061034
1.5167026797974126,258.78439152597093,249.25341415234598,265.39702169802797
1.5207113147799776,257.2458611917689,249.66988574494496,266.2290962967265
1.5247114437367557,255.7105955046983,250.31482710159509,267.06110271217926
1.5287012926627148,254.17927533507202,250.95811100744805,267.8929932898599
1.532673958106873,252.77272974467627,252.48686060859188,268.7247203752417
1.5366088058727991,254.2829402464244,255.8137908984264,269.5562363137984
1.5404927267024062,255.77360478384907,259.15139604168377,270.38749345100337
1.5443272506465462,257.2453105966612,262.4465525083689,271.21844413233015
1.5481174453395645,258.7000026634377,265.2456739155553,272.04904070325216
1.551872139427897,260.14106945442103,267.42984631483336,272.879235509243
1.555596428660924,261.5704667388522,269.59409529172325,273.7089808957761
1.5592910553048587,263.2764941498136,271.74110682432587,274.538229208325
1.56295746565499,264.9810481120896,273.75903580620763,275.3669327923631
1.5665981035316987,266.6736201717701,275.6014231360037,276.195043993364
1.5702145719330214,268.3549555800393,277.4303337105761,277.02251515680115
1.5738073540177029,270.02527896264115,279.2472657054268,277.849298628148
1.5773740520315225,271.68347557761643,281.50455618062585,278.67534675287817
1.5809056143895766,273.08966066707023,284.83663539685597,279.50061187646503
1.5843960407284428,274.2895946837391,288.1787629737348,280.32504634438214
1.587846443346525,275.47576940014505,291.4825673293492,281.148602502103
1.5912596746975909,276.6491654289624,294.48785291626723,281.9712326951011
1.5946501273377351,277.8147306235385,295.4053118567884,282.7928892688499
1.5980325973654077,278.9775515664626,295.87894696277954,283.6135245688229
1.6014096614584428,280.138514064534,296.35182509521513,284.4330909404937
1.604781345453987,282.0796069036728,296.8239498719264,285.2515407293356
1.6081554982241313,284.2538589269325,295.91882137174053,286.06882628082224
1.6115481178835571,286.4400107289273,293.6052059017302,286.8848999404271
1.6149676864848046,288.64352801354016,291.2731892901593,287.69971405362367
1.6184148567947916,290.86483141370877,288.9223493558942,288.5132209658854
1.621889792579479,293.1040264576934,286.63692961293367,289.3253730226859
1.6253906347080718,295.3599151502733,284.6610184622383,290.13612256949847
1.6289157442963211,293.1004585802939,282.70398004197887,290.9454219517968
1.6324654286057185,290.81309673943974,280.73329845054303,291.75322351505423
1.636039627205149,288.50993826804347,278.83910972658606,292.55947960474435
1.639632196724711,286.19494185895246,277.86719337918606,293.36414256634066
1.643235769998332,283.8728548003987,277.1384347641967,294.16716474531665
1.6468488442506712,281.5446454576429,276.4077547452086,294.9684984871457
1.6504713388552794,280.1465516466586,275.6988776606466,295.7680961373015
1.6540988971607118,279.6433943120381,275.63616852696435,296.56591004125744
1.6577253668028973,279.1403879795108,275.86447537292423,297.361892544487
1.6613488376390708,278.6377975937756,276.0925934270116,298.15599599246366
1.6649692946227805,278.13562524183743,276.32395504047815,298.948172730661
1.668582959377999,277.6343950000726,277.1319958108284,299.7383751045524
1.6721833999820683,277.18263,278.3582807229421,300.52655545961153
1.675768048250129,277.18263,279.57918687579,301.3126661413117
1.679337110187038,277.18263,280.79478443313604,302.0966594951265
1.6828826317540704,277.18263,283.3083161453801,302.87848786652944
1.6863854019175681,277.18263,287.70215123536417,303.65810360099397
1.6898353663395282,277.18263,292.046526794784,304.43545904399355
1.6932347463012087,277.18263,296.3272037573535,305.2105065410018
1.696584206736699,278.0431379144758,300.8176624550752,305.9831984374921
1.6998767918645383,279.9020035744762,306.6640521685883,306.75348707893806
1.7031066929195964,281.72548024199875,312.6069952150192,307.521324810813
1.706276304689223,283.5149199209535,318.43900737420915,308.2866639785906
1.7093888833311865,285.27216091152843,324.16607990102455,309.0494569277442
1.7124530056931022,287.0020453687125,328.57920459210794,309.8096560037474
1.7154871664319427,288.7150146573921,330.58777513617054,310.56721355207367
1.718503267681721,290.7440493618428,332.52560016010506,311.32208191819655
1.7215018932664288,296.8188489663844,334.45219718528693,312.07421344758944
1.7244833434895432,302.8588536701059,336.3677591546608,312.82356048572586
1.7274504638128376,308.8698279839705,337.6890592554088,313.5700753780793
1.7304108016895972,314.867062001701,337.90957047098084,314.3137104701234
1.7333693195228732,320.86060886372616,338.10466343926635,315.05441810733146
1.7363261312174276,326.8506993252972,338.2996439000203,315.79215063517705
1.7392812397215858,332.8373393593133,338.4945120476276,316.5268603991336
1.7422369608852557,337.2705761785377,338.1594683499817,317.2584997446748
1.7452012090210167,337.0225482689559,336.55171125367417,317.98702101727395
1.7481799338604187,336.77330904831746,334.88069539327864,318.7123765624047
1.7511735972941618,336.52281986878324,333.20129922605526,319.4345187255404
1.754182426363672,336.2710617330872,331.51339538546733,320.15339985215456
1.7572073985413836,336.01795285305474,329.6549343234283,320.8689722877208
1.7602514355679737,335.76324875750817,327.3752072551677,321.5811883777125
1.7633169158447861,335.5067504381707,325.0593279514894,322.29000046760314
1.7664043944944081,334.5606017941078,322.7268295305021,322.99536090286637
1.7695143520425949,333.0304544640038,320.3773489692669,323.6972220289755
1.7726453518802514,331.48995400124363,318.402345318505,324.3955361914042
1.7757927455205902,329.9413875333963,317.04695896410607,325.09025573562576
1.778953609417034,328.38619349070416,315.6943437759457,325.7813330071138
1.7821280749160517,326.8243072486681,314.33590811120746,326.4687432521417
1.7853162194806491,325.2556906942883,312.9910999703947,327.15255332018205
1.7885114266146789,323.737787814229,312.9464140307092,327.83285296150734
1.7917030804638339,322.4701101891054,313.6888358782095,328.5097319263899
1.7948871982512746,321.2054257760493,314.42950473583824,329.18327996510254
1.7980638331084786,319.943713472025,315.16843296271514,329.8535868279174
1.8012322616365004,318.68526060037664,316.0605745351688,330.52074226510723
1.8043853772348903,317.4328897975199,318.2401839865956,331.18483602694437
1.8075156396633643,316.1895959351883,320.69330099054724,331.8459578637013
1.8106221371251112,314.955741165567,323.1277939189429,332.50419752565057
1.8137054028403283,316.5831926394143,325.5440806445745,333.15964476306453
1.8167650361880137,318.79621674316274,328.1393179181238,333.8123893262159
1.819796903481604,320.9891577389061,331.5376680420737,334.46252096537694
1.8227975978661188,323.15955145812006,334.9926355263003,335.11012943082017
1.8257676555363935,325.30778572900556,338.4123282248069,335.75530447281807
1.8287079962433226,327.4345258047698,341.79780512888817,336.3981358416433
1.8316203005850509,329.5409872572742,344.95815174420727,337.03871328756816
1.8345101000944437,331.65892818062275,347.13825100483933,337.6771265608651
1.837382393907492,334.34926057252574,349.1753043704939,338.3134654118067
1.8402380273983066,337.02398808293606,351.2005421046035,338.9478195906654
1.8430772871637804,339.68337915267284,353.2141674638676,339.58027884771377
1.8459006989099602,342.3279261840107,355.1539977630089,340.21093293322417
1.8487127727614219,344.96185358260846,356.0660464480536,340.83987159746914
1.8515190685416991,347.5903689540662,356.6176314697633,341.4671845907211
1.8543210304763225,350.2148250314185,357.16836466240585,342.0929616632527
1.857118678582197,352.83524056348847,357.7182499603819,342.7172925653363
1.8599120327226109,353.6948059210019,358.26729126777155,343.3402670472443
1.8627030092126495,354.18821258215945,358.3277862586081,343.96197485924927
1.8654959278138092,354.6819625821331,357.76942299462513,344.5825057516238
1.8682932203592952,355.1764858359389,357.2080776835345,345.2019494746402
1.8710949157290515,355.6717874491577,356.64584883779605,345.820395778571
1.873901034778404,356.1678711087275,356.08273227236947,346.4379344136887
1.8767120736600664,356.66482452769594,355.39865702351557,347.05465513026576
1.8795306299454675,357.16310692134135,354.1865466642678,347.6706476785747
1.8823591137236104,357.1189556393994,352.90838190349666,348.286001808888
1.8851978791549517,356.6171005437772,351.62557096204443,348.900807271478
1.888047039185552,356.1134078244657,350.33806280057377,349.5151538166175
1.8909065791235222,355.6078800787909,349.07741692601655,350.1291311945787
1.8937744219900388,355.1008844883433,348.3117024165631,350.7428291556341
1.8966478702255953,354.59289794493264,347.7166571734418,351.35633745005634
1.8995262442254428,354.0840405934299,347.12059188313975,351.96974582811777
1.9024095694085887,353.5743079401004,346.5235012819126,352.58314404009093
1.9052978607827615,352.9572905436189,345.9279243002476,353.19662183624826
1.9081896392025366,352.20143794859587,345.6880815611971,353.8102689668623
1.9110823679566065,351.44533695534216,345.700628093944,354.4241751822055
1.9139749917285154,350.6892634023094,345.71317417135214,355.03843023255035
1.9168675105296926,349.9332172865102,345.72571979346213,355.6531238681693
1.919759924371565,349.1771986049579,345.73826496034116,356.2683458393348
1.92265087748329,348.421561728825,346.0752641033794,356.8841858963194
1.9255370912928473,347.66716361075794,346.8750146963084,357.50073378939567
1.9284166513219736,347.3170233018526,347.6764594025577,358.1180792688359
1.931289588760615,347.5658874863523,348.4760608966309,358.73631208491275
1.9341559490930469,347.8141819382323,349.2738318378044,359.3555219878985
1.9370147664365291,348.06182298925216,350.317716920563,359.97579872806585
1.939862066855528,348.30846640280834,352.10657170314533,360.59723205568696
1.942694771119494,348.55384544486435,353.9372861000562,361.21991172103475
1.9455128982476233,348.7979617629315,355.7585796150161,361.84392747438153
1.9483166709984723,349.04083465315796,357.570596211967,362.4693690659996
1.9511063812583933,349.56045242254754,359.3541709356543,363.0963262461615
1.9538831211808732,351.0331900746878,360.9183385034801,363.72488876513984
1.9566480985546262,352.4996890624668,362.4179953671982,364.3551463732072
1.9594016815294069,353.96014464652126,363.9114721844979,364.98718882063565
1.9621440098252347,355.4146309320747,365.39884473607765,365.62110585769796
1.964875220329763,356.86322052211017,366.8801872665114,366.2569872346669
1.9675960972179367,358.30632933025277,368.1792545552618,366.89492270181415
1.9703083122297964,359.7448440202056,369.226898025167,367.535002009413
1.9730128594035354,361.1792918136448,370.2699012962585,368.1773149077356
1.9757098095212582,362.46070823689024,371.3099747777157,368.82195114705445
1.9783992262463022,363.6877447727122,372.3471430211529,369.4690004776419
1.9810812351833933,364.9114015323978,373.36391355460034,370.1185526497705
1.9837566967784035,366.1320710912265,374.17151661688587,370.770697413713
1.9864266082292503,367.35020841709775,374.91774029278565,371.4255245197414
1.9890912161026435,368.5659260051701,375.66248165174903,372.08312371812855
1.9917505518791683,369.77923821834565,376.4057494923683,372.7435847591469
1.9944046467292038,370.99015927799553,377.14755252657363,373.4069973930688
1.9970547434056376,372.1628719262825,377.54210254152605,374.07345137016677
1.999705395028277,372.6564764540965,376.98974717951813,374.74303644071347
2.00236012648502,373.15084072889846,376.38261138440396,375.4158423549811
2.005019147175388,373.6460037450816,375.7744946436257,376.0918763589967
2.007682477957128,374.14196938677696,375.16539218712603,376.7708156818048
2.010350138974521,374.63874140525405,374.5555469787751,377.4522550482044
2.013021979486898,375.136291729575,373.9925501476863,378.1357891829947
2.015697720209512,375.63456835131507,373.46439949440526,378.82101281097437
2.018377250315611,376.13355063230887,372.93550087421505,379.5075206569425
2.021060585950546,376.2903784208554,372.4058511004327,380.1949074456984
2.0237477433746456,375.789975780178,371.8754469633162,380.8827679020407
2.0264385466947985,375.2888942004863,371.3973194340452,381.5706967507687
2.029131589692735,374.78739554784346,371.2570209943131,382.2582887166812
2.03182543335176,374.2857477960375,371.17657079318093,382.94513852457686
2.034519861011175,373.78399129163864,371.0961031512856,383.63084089925525
2.0372148730509636,373.2821259638865,371.01561805707,384.3149905655153
2.03991046985152,372.78015174194377,370.9351154993566,384.99718224815575
2.0426059909922056,372.27819160938736,371.03644878060373,385.6770106719761
2.0452998758675713,372.13778,371.38593960317064,386.3540705617747
2.047991222805355,372.13778,371.7365531285264,387.0279566423507
2.0506800337140065,372.13778,372.08683627418424,387.69826363850353
2.0533663157490736,372.13778,372.43678997256484,388.36458627503185
2.0560499679804263,372.13778,372.8164495069308,389.0265192767345
2.0587295406141375,372.13778,373.57199475997913,389.6836573684107
2.0614033014989284,372.13778,374.4390553904901,390.3355952748597
2.0640708852092464,372.13778,375.304112855706,390.9819277208799
2.06673233436179,372.15192288747267,376.167180975738,391.62224943127086
2.0693876910854705,372.3984490874817,377.0282734122011,392.25615513083136
2.0720355661506504,372.64428068219587,378.29650181511465,392.8832395443604
2.0746706466104783,372.8889244118635,380.7012239732561,393.5030973966571
2.0772889560966887,373.1320111061395,383.15832162574975,394.1153234125201
2.079890580996091,373.3735487852689,385.599761977602,394.71951231674865
2.0824758362698894,373.6135666905917,388.0258405974198,395.31525883414184
2.0850450270924807,373.8520931548302,390.4368438696537,395.9021576894983
2.087597243167744,374.08904366510455,393.20564918423514,396.4798036076177
2.090130116701897,374.57749998065515,396.4244713567208,397.04779131329855
2.092642583084732,376.7385986972697,399.6188988606624,397.60571553133974
2.0951351229943693,378.8825576519557,402.78799122995366,398.1531709865405
2.0976082031834977,381.0097783221797,405.9323419085323,398.68975240369997
2.1000622724615625,383.12064675152146,409.05252152634966,399.2150545076167
2.102499271901502,385.21683255445373,411.63697118815526,399.72867202309027
2.1049230948727704,387.301684613886,413.51005048466783,400.2301996749192
2.107335999079344,389.3771448945747,415.37079511461724,400.7192321879027
2.1097381420368926,391.4433488836703,417.2232410579158,401.19536428683983
2.1121296664581237,393.50041933555144,419.0674983690653,401.65819069652963
2.114510711928937,395.92669984839995,420.903674692078,402.1073061417707
2.116881912534748,398.56790994541734,422.5541302061996,402.5423053473622
2.119245475305241,401.2006124839804,423.6274236034549,402.9627830381035
2.121603184232855,403.8267946004071,424.65495388107837,403.3683339387932
2.123955201973791,406.4466374726212,425.6800038413705,403.7585527742306
2.1263015695436307,409.0601867866635,426.7025913594339,404.13303426921476
2.1286423274676523,411.6674876824409,427.7227340969415,404.4913731485438
2.130977608289257,414.2686877961205,428.70644570699454,404.83316413701783
2.1333091420012313,416.86571411540854,429.0981859985071,405.15800195943524
2.1356391307101115,419.4610195015275,429.2751088348075,405.4654813405953
2.1379681595252538,420.8611741167422,429.4519587837667,405.7551970052968
2.1402962296320336,421.8457492543041,429.62873593505594,406.02674367833885
2.1426233422133896,422.82991944026105,429.8054403788018,406.27971608452066
2.1449494984498294,423.8136851738674,429.9820722042707,406.5137089486406
2.1472750942434256,424.79721388794053,430.01260444090167,406.7283169954981
2.1496012305327388,425.7809711856131,429.782306406819,406.9231349498926
2.15192862787852,426.7652618026399,429.54674366414633,407.0977575366223
2.154257302266163,427.7500924994789,429.31105166827666,407.25177948048685
2.156587255800115,428.73546416613226,429.0752302062483,407.3847955062849
2.158918490590609,429.72137769504843,428.839279064521,407.49640033881536
2.161251154409374,429.7593690133459,428.54969060586325,407.58618870287734
2.1635867346334807,429.51028672513905,427.7692833605995,407.65375532326954
2.1659269089919366,429.260714486947,426.8688391830052,407.6986949247915
2.1682720302209226,429.01061468056514,425.9664915657792,407.72060223224236
2.1706221298252606,428.75998394610315,425.0622283865558,407.7190719704202
2.1729772396456086,428.5088188878551,424.15603739380356,407.6936988641251
2.17533739219716,428.2571160381777,423.24778665795316,407.64407763815535
2.1777038864581133,428.0047368651299,421.8863946271613,407.5698030173101
2.1800792395004747,427.7514129308956,420.0975093596245,407.47046972638833
2.182464750953134,427.49700563413944,418.3009737636716,407.34567249018943
2.18486055227417,426.5571737838112,416.4966888382225,407.19500603351145
2.187266777781708,425.54540673526003,414.68455342750764,407.0180650811547
2.1896835647418,424.529198818783,412.86446415620975,406.8144443579168
2.192111578203253,423.5082703953909,410.85908011010235,406.58373858859824
2.1945527596035928,422.4818051315733,408.4236137309745,406.3255424979964
2.197008640292526,421.4491591270938,405.9556745169955,406.03945081091143
2.199479543258187,420.41019657225786,403.47263926582826,405.72521976089666
2.2019657475982983,419.3648001123628,400.97422750964887,405.38325161652375
2.2044675411617063,418.3128487130431,398.46014998616494,405.01411015511945
2.206985457353051,416.5084355329518,395.8560007902675,404.61835915400894
2.2095207446861327,413.70072054819457,393.01941887731397,404.1965623905192
2.2120745096618437,410.87254241773553,390.14852910426816,403.74928364197746
2.214647207262173,408.023397269792,387.2563556662244,403.27708668570864
2.2172392649382457,405.1528117217558,384.34241803129777,402.7805352990395
2.219851126473038,402.2602943042398,381.4062173080069,402.2601932592973
2.222481126982294,399.34768880055435,379.05716536790067,401.7166243438069
2.2251241741430183,396.42063472595237,377.64781041807464,401.1503923298956
2.227777081722624,393.48266068756993,376.24461464620015,400.562060994889
2.230439920507167,390.98919160953415,374.83616598680874,399.9521941161143
2.2331128028733023,388.9515055790316,373.4224050010079,399.3213554708976
2.2357957326357134,386.90615986275566,372.03391169648404,398.6701088365642
2.2384861806175493,384.8550825920761,371.3373667941904,397.99901799044216
2.241180632617435,382.80095283702644,370.92881793711166,397.30864670985653
2.243878055621567,380.7445581211514,370.51981859862525,396.59955877213366
2.2465784594795073,378.6858909355856,370.11036728544764,395.87231795460053
2.2492818540953614,376.6249437298818,369.70046249557186,395.127488034583
2.251987320185174,374.5624173250328,369.5437281582241,394.36563278940804
2.254691133676809,373.8582429662369,370.1527642329486,393.58731599640083
2.2573903159380815,373.3584955314865,370.81297806731914,392.79310143288836
2.260084700959734,372.859636294702,371.4720185079344,391.9835528761974
2.2627743142295973,372.3616605368696,372.1298917889471,391.1592341036533
2.2654591648710527,371.8645665688162,372.79108996630754,390.3207088925838
2.268137905209989,371.36860390932736,373.82994042591,389.46854102031335
2.2708083607047387,370.87417516982936,375.108145052822,388.60329426416985
2.2734697471999805,370.3814255348901,376.3820088334163,387.7255324014787
2.2761221564702687,370.150995587177,377.651575695091,386.8358192095664
2.2787656787526354,370.8872871278211,378.9168888297078,385.93471846576045
2.281400663455061,371.62120072448874,380.1026528409284,385.0227939473853
2.2840292119966317,372.3533216785054,380.77412991544315,384.1006094317682
2.286653462371056,373.08424547820607,381.34870572098316,383.1687286962354
2.289273764738211,373.81406965246595,381.9224171160131,382.22771551811326
2.291890136863234,374.54279914935023,382.495267990214,381.27813367472805
2.294502596378429,375.27043887992625,383.06726220424196,380.3205469434063
2.2971123190450777,375.99731632510543,383.29776442814654,379.3555191014744
2.299723387050104,376.63952916905816,382.6728374156464,378.3836139262581
2.3023388668553486,377.1322441131789,382.0057954928421,377.40539519508394
2.304958921707501,377.62582092363,381.3375867677225,376.4214266852785
2.307583575699236,378.12026413908933,380.66820509570147,375.43227217416853
2.310212853765048,378.6155784568206,379.9974624471037,374.4384954390792
2.3128486741412013,379.112125242135,378.78153251271203,373.44066025733747
2.315494760989961,379.61060606818114,377.05549932740286,372.4393304062699
2.3181530168236124,380.11137933812194,375.32152835574755,371.4350696632028
2.3208236110965763,380.61447697448455,373.57950906333593,370.4284418054618
2.32350671723304,380.1325873719236,371.8293283263162,369.42001061037405
2.326202511236446,378.8738918950544,370.07128721465676,368.4103398552655
2.328911158879547,377.60919491431446,368.3087677835054,367.3999933174617
2.331632827789316,376.3384181628512,366.53873575508123,366.38953477429055
2.3343677040034754,375.06147477763307,364.76011438219285,365.3795280030777
2.3371159816846,373.7782741020467,362.97277739151895,364.3705367811488
2.339877859799886,372.48872323614864,361.1765953852951,363.36312488583127
2.342653844440161,371.1925858806392,359.29340841213366,362.35785609445026
2.345444867942951,369.8524317761721,357.29516568560234,361.35529418433345
2.3482515915530637,368.08018405181747,355.2851207102594,360.35600293280623
2.3510742854793873,366.2978522007395,353.26363853677213,359.3605461171947
2.353913225488,364.5052620961367,351.23052167446,358.36948751482674
2.356768015661216,362.70266373206437,349.3514011454534,357.3833909030271
2.3596354319145263,360.8920928901773,348.1427291326324,356.4028200591218
2.3625125332006056,359.0754066341383,347.0032442330117,355.428338760439
2.3653991135568706,357.25273501477204,345.86000511822385,354.4605107843034
2.3682952672972695,355.4240184794817,344.7129744349641,353.4998999080422
2.3712007486607867,354.1299292258607,343.6427862738112,352.54706990898063
2.3741121950083177,352.8615780623604,343.3011776037262,351.60258456444745
2.3770257968043653,351.59228789284475,343.13446390476133,350.667007651766
2.3799408148779047,350.32238073198187,342.96766916768473,349.74090294826425
2.382857251296268,349.0518556791528,342.8007932741566,348.8248342312684
2.385775023478964,347.7807487099692,342.65371340181326,347.9193652781053
2.3886922987903008,346.5098581993052,342.9176101443368,347.02505986609964
2.3916066384639367,345.24024657859786,343.3444587001245,346.14248177257883
2.394517359497706,344.97232782561196,343.77077725202076,345.2721947748692
2.3974244753376874,344.7233950769197,344.1965677694327,344.4147626502975
2.4003279870439624,344.4747709457574,344.6247545302476,343.5707491761885
2.4032265321036097,344.2265721024286,345.37741503212527,342.74071812987046
2.4061178551236684,343.9789916734543,346.348805193623,341.92523328866815
2.4090010915546722,343.73210368914056,347.31747852521664,341.12485842990856
2.411876308870844,343.4859023717528,348.28345769585064,340.339997404964
2.414743573613248,343.2403820234616,349.2467650613837,339.5704143613928
2.4176025620426347,343.9321492959366,350.30295628072906,338.8157135207985
2.42045237975226,344.6684786173589,351.49835399730085,338.0754991047855
2.4232925328557777,345.40231082016464,352.6910556980227,337.34937533495673
2.426123113569817,346.1336697310734,353.87973754314044,336.6369464329178
2.428944218035653,346.86258019084585,355.064439906526,335.93781662027124
2.431756846217046,347.58930056781014,356.0155354868229,335.251590118621
2.434565714983693,348.3150495958705,356.01488179374246,334.5778711495721
2.437374996792743,349.04090534487364,355.91086244907643,333.9162639347281
2.4401850998892307,349.7763903688122,355.80681269452526,333.2663726956924
2.442996024993882,350.51536587306856,355.7027325035516,332.62780165406895
2.4458080065250245,351.25461910557095,355.5395296362786,332.00015503146307
2.448626060448883,351.9954687340293,354.1727299111623,331.38303704947776
2.4514569452835073,352.7396915326719,352.3249897286843,330.77605192971697
2.454302755360108,353.48783808872696,350.46750772648784,330.17880389378416
2.457163729275189,354.2399711277977,348.60012817109777,329.5908971632837
2.4600401120508573,354.9961550647395,346.72269118390517,329.0119359598205
2.4629318960807574,354.7692438582168,344.8967106200228,328.4415245049984
2.4658388111547973,353.753225711882,343.12246068625745,327.8792670204196
2.4687608363209437,352.7319263215543,341.3389882332365,327.3247677276907
2.4716982096902997,351.70526246319855,339.54614792885934,326.77763084841246
2.47465117569439,350.67314870368114,337.7437905830758,326.23746060419154
2.477623755887156,349.63417943889,335.0828958881085,325.70386121663097
2.4806261220327523,348.5847994576483,331.08239906334234,325.1764369073342
2.48366528822603,347.5225572099565,327.01793602642476,324.65479189790614
2.486742712297402,346.09484310752487,322.9023083866233,324.13853040995065
2.4898598767350038,344.507065327919,318.7335335217668,323.6272566650708
2.493012940880189,342.9010014555722,315.5857072122891,323.12057488487136
2.4961919407472712,341.2817268066524,313.54956569737885,322.6180892909559
2.499391719316492,339.6518681920147,311.50040346285573,322.11940410492963
2.5026126879662582,338.01121606945935,309.43767094155686,321.6241235483947
2.5058546294168855,336.3598811138836,307.4828109592861,321.13185184295645
2.5091075619448993,333.8772990263633,307.34706339922866,320.6421932102174
2.5123586903708963,330.2293243113195,307.82432996167586,320.15475187178237
2.5156047858665316,326.5869968670995,308.30085768851643,319.6691320492558
2.518845871733525,322.950290547677,308.77665000043805,319.18493796424065
2.522080815244302,319.32047634607716,309.4729516399629,318.70177383834226
2.525305016916838,315.70271517627543,310.8386471712399,318.21924389316274
2.528514878127327,312.1010449251007,312.24442385232555,317.73695235030874
2.5317103523423468,309.5050923878888,313.64389966831817,317.2545034313819
2.534891631301708,310.2458960764492,315.0371585925668,316.77150135798666
2.5380600312569292,310.98370071528984,316.19841676998453,316.28755035172736
2.5412179615584884,311.7190673541468,317.12915174551665,315.8022546342075
2.544366650726433,312.4522820704732,318.0571630709092,315.3152184270314
2.5475061794175264,313.18336364628396,318.98247453425984,314.82604595180356
2.550636773977005,313.9123647891182,319.87505430419947,314.33434143012784
2.5537623924267834,314.640207177732,319.9983359946181,313.83970908360635
2.556888447256131,315.16571940238447,319.78577846864755,313.34175313384577
2.5600165813176483,315.65860874486856,319.5730795643368,312.8400778024491
2.563146798765742,316.1518263594214,319.3602389991795,312.33428731101895
2.566279657508309,316.64546015367455,319.03449407593644,311.8239858811606
2.5694200928903097,317.1402877729862,317.82218469657744,311.3087777344775
2.57257349888286,317.6371591268628,316.4157913127414,310.7882670925745
2.5757409840170506,318.13624888274177,315.00311874638686,310.2620581770546
2.5789227385769316,318.0428758281937,313.5840821324231,309.72975520952224
2.582120438351429,317.28959719022976,311.87020024481745,309.1909624115813
2.5853401843708044,316.53112514247607,309.3073808635612,308.6452840048367
2.588587118733233,315.76624836649023,306.6695544241298,308.0923242108909
2.5918622271833947,314.9947346514763,304.00883920858604,307.5316872513475
2.5951662489108567,314.21640986735645,301.32594742498094,306.96297734781166
2.5984991435445695,313.4312835242948,298.7639668358485,306.3857987218874
2.601860309792368,311.81897124072884,296.27798043798975,305.7997555951791
2.605249920352221,308.7598637680485,293.7709560527968,305.2044521892888
2.608668709879854,305.6744224151753,291.2423503140875,304.5994927258228
2.6121155719104223,302.5636457613914,289.0041868724962,303.98448142638273
2.615583531065276,299.43382905288263,287.70679285230506,303.35902251257386
2.6190667918197557,296.2902027232003,286.470511975155,302.7227202060015
2.6225651503764724,293.1329506985212,285.2288725774748,302.0751787282682
2.6260783227674027,291.3334156816313,284.0595696312959,301.416002300977
2.6296012208103097,290.3216551424076,283.6551330516416,300.7447951457328
2.633127924268353,289.30880170500086,283.4467777737404,300.0611614841394
2.6366572220349966,288.2952031937838,283.2382692258693,299.36470553780174
2.640189062104083,287.28087454469176,283.03885796259004,298.65503152832235
2.6437194778493716,286.2669549550152,283.4669834316887,297.93174367730654
2.647242213422894,285.3047,284.27476355944395,297.1944462063578
2.650754967220524,285.3047,285.0802548181733,296.4427433370782
2.654257823616097,285.3047,285.88347655524564,295.6762392910758
2.6577503981316433,285.3047,286.7613421302181,294.89467056927117
2.6612315466657486,285.3047,287.7634346695808,294.0983027898681
2.6647006031779976,285.3047,288.7639341145513,293.2875338503898
2.668157681508033,285.3047,289.7609789704453,292.46276164836024
2.6716033190649893,285.5867660943094,290.6845934065738,291.6243840813027
2.675040190246788,286.32491484790455,291.2405704486281,290.77279904673935
2.67847082083167,287.0617232868377,291.7430637189248,289.9084044421948
2.6818955526906847,287.7972648359412,292.2446929877141,289.03159816519167
2.685314501713017,288.53156438513713,292.73079743384085,288.1427781132518
2.6887320751222332,289.26556848912935,292.47985593639527,287.24234218390063
2.6921549978112704,290.0007214765168,291.81688592468197,286.3306882746605
2.695585714703376,290.29174,291.15240628989164,285.40821428305344
2.6990242792861796,290.29174,290.4864066723524,284.4753181066033
2.702472543393876,290.29174,289.5171900320269,283.53239764283546
2.7059363090390134,290.29174,287.8936446222988,282.57985078926987
2.709419855029333,290.29174,286.23875448318995,281.6180754434329
2.71292365929523,290.29174,284.5742404662957,280.6474695028427
2.7164488817787795,290.29174,282.77156566635324,279.66843086502877
2.72000181629103,289.12729466400845,280.15555448986527,278.6813574275102
2.723589148350778,287.8505566952299,277.37569398773854,277.68664708781296
2.727212802214737,286.5608917306341,274.5676873459983,276.684697743457
2.7308741816972386,285.25780015016164,271.689680190326,275.67590729196723
2.7345784482348314,283.9394449892086,268.25018122814953,274.6606736308669
2.738332003984719,282.6035477084463,264.6028896223246,273.63939465767913
2.742138037343823,279.8220264344168,260.90460606213,272.6124682699271
2.745997551803031,275.9314031584054,257.32008602078395,271.5802923651344
2.7498981634201254,271.9993514693788,255.4270057056492,270.543264840822
2.7538243200861667,268.0415488308304,253.98112108285952,269.5017835945171
2.7577729569763094,264.0610847709909,252.52695767416313,268.4562465237407
2.7617425987296578,260.05944654259747,251.29983293220218,267.40705152601663
2.7657230035222327,257.9710853701346,251.16166419067093,266.35459649886513
2.7697045047362225,256.958237414884,251.16142765544075,265.29927933981327
2.773686009699857,255.94538850576714,251.16119112001172,264.24149794638345
2.777664900906062,254.93320450637304,251.4916236066071,263.18165021609605
2.7816331863906942,253.92371848013806,252.5064168655139,262.1201340464787
2.7855854236291955,252.91831494249368,253.53818355841122,261.05734733505244
2.7895216421322724,252.71364,254.56576915983456,259.9936879793386
2.7934397521330414,252.71364,255.8878464729654,258.92955387686385
2.7973354841403015,252.71364,257.49954966083806,257.8653429251492
2.8012069828190267,252.71364,259.1012272789956,256.80145302171826
2.8050546972478467,252.71364,260.69274043909246,255.7382820640937
2.808879236355176,252.71364,262.25072964094664,254.6762279497987
2.8126812937842405,253.8924149877082,263.784724913317,253.61568857636007
2.816461367726471,255.34322266936124,265.30985062866245,252.5570618412978
2.820220007234189,256.78580372827673,266.80175998866736,251.50074564213185
2.8239658413803497,258.2234700375873,267.124904821269,250.4471378763927
2.8277116240436326,259.6611165875611,266.80908961980805,249.39663644159666
2.831461845759274,261.1004668638004,266.4929001520699,248.34963923527192
2.8352167003914444,261.93803451283236,266.1511085915946,247.30654415494118
2.8389849292650844,262.4313674018131,264.60670922887175,246.2677490981253
2.842780084247323,262.9282254309564,262.39031354049365,245.233651962348
2.846607573296856,263.42931660499755,260.15503454227604,244.20465064513235
2.8504682662549428,263.9347548027153,257.8965264119191,243.18114304400382
2.8543637797246135,264.4447516682188,255.52555972264818,242.16352705648194
2.858296089538934,263.2286182299879,253.09299872950484,241.15220058009442
2.862266566266206,260.6885835459084,250.63682735266528,240.14756151236125
2.866275690215881,258.12382505859546,248.2368205446221,239.15000775080605
2.8703190234739884,255.53718183655042,246.41131073811675,238.1599371929529
2.8743915219733402,252.93188072291719,244.69371102867476,237.17774773632402
2.8784928111491914,250.30816133815188,242.96396868550565,236.20383727844353
2.8826241505645176,248.98677778060028,241.14734767874882,235.2386037168337
2.886788311525116,247.96354730896905,239.14979119475467,234.28244494901764
2.89098760702975,246.9316834688383,237.12914587716523,233.3357588725213
2.895222712397085,245.89102031882328,235.1226475487337,232.39894338486323
2.899485093136281,244.84365498032946,234.100916784609,231.4723963835712
2.903761772397651,243.57547506443643,233.55228570559404,230.55651576616475
2.9080485216241225,241.78966739798398,233.00236280748604,229.65169943016926
2.912341441529275,240.00128910173407,232.88104052129566,228.75834527310704
2.9166252302596005,238.21671474202162,233.9980644965894,227.87685119250304
2.920887962943877,236.44091207537372,235.18755018538982,227.00761508587817
2.925129247308202,234.6740445183343,236.37068982901482,226.15103485075696
2.929349533184393,235.07440453415177,237.53371006164298,225.30750838466213
2.9335493200711387,235.81557105889362,238.68370693320384,224.47743358511636
2.937728968385696,236.5531835853102,239.82818940710038,223.6612083496442
2.9418899736350945,237.287506036257,240.82696864896806,222.85923057576883
2.9460387553357803,238.01967130986043,241.24261976173113,222.07189816101067
2.9501809401893824,238.67922495777307,241.59461073009933,221.29960900289655
2.954317098852592,239.17292590477413,241.94608961010144,220.54276099894594
2.95845067675548,239.66631880657715,241.8962542877155,219.80165188630463
2.962588873605335,240.16026303599526,241.40652856186207,219.07617876058725
2.966735484418429,240.65521157447344,240.9155803431885,218.3661385570269
2.9708909685618727,241.15121925307497,240.37671630827975,217.6713282108612
2.9750604450778324,241.12729945869202,239.30221412678904,216.9915446573229
2.9792500604429026,240.8765360032926,238.07174829450062,216.32658483164727
2.9834614430743693,240.62446969919216,236.8348895417897,215.67624566906753
2.9876988337825434,240.37084671873475,235.15963099481928,215.04032410482358
2.9919752583380648,240.11488742298698,232.53550481768318,214.4186170741426
2.9963008068222923,239.63791692286713,229.84921093879524,213.81092151226545
3.00067748431327,238.3505818900752,227.1345587314246,213.21703435442612
3.0051066301517526,237.04781406791392,224.43590301870614,212.63675253585507
3.0095895309321357,235.7292350236471,221.72032358484282,212.06987299179303
3.0141280308816816,234.39430230506798,218.97106418178666,211.5161926574691
3.018724448684717,232.96986924898602,216.16844131085173,210.97550846812186
3.023381471885922,229.09004946975165,213.3094771896329,210.4476173589835
3.028101778181189,225.15750781445422,210.41165919545244,209.93231626529163
3.0328791142540616,221.17745399320938,208.24293001543234,209.42940212227896
3.0376876958122367,217.17136919753057,207.68089861253227,208.9386718651795
3.0425087051922133,213.51794981344574,207.1706124288289,208.45992242923364
3.0473407686585725,212.00284819770002,206.7317013375096,207.9929507496658
3.052180448980784,210.4853583040085,206.51884362907222,207.537553761721
3.057024930244924,208.96636306691187,206.32214902743468,207.09352840063096
3.061873923121274,207.44595320622898,206.13471861560717,206.66067160162558
3.0667268387030897,206.45636,205.98871878724628,206.23878029994484
3.071583138451725,206.45636,205.84752250910728,205.82765143082042
3.0764436814786036,206.45636,205.62925111740927,205.4270819294914
3.0813150524268833,206.45636,204.9339675430045,205.03686873118633
3.08620399127513,206.45636,204.1542472505133,204.6568087711479
3.091113818567168,206.01891849724245,203.1943187080223,204.2866989846042
3.096065021657588,205.26263395283667,200.7625467282593,203.92633630679012
3.1010811267546887,204.49643578064047,197.9727019695265,203.5755176729438
3.1061682306680343,203.719392707434,195.197883276218,203.23404001829886
3.1113229504505613,202.93202147036823,192.8107358081954,202.90170027809017
3.1165410568178498,200.42241847085825,190.48418927307574,202.57829538755087
3.121822078292614,197.83229804863322,188.2436775746929,202.2636222819195
3.1271589496440377,195.21478559499815,186.51568808542692,201.957477896426
3.132544725572612,192.5732874892267,184.84040438430992,201.6596591663076
3.1379751140217222,190.4473871314558,183.46252854832795,201.36996302680058
3.143436031041508,188.66249745707455,182.777607976427,201.08818641313533
3.148917077409906,186.8710285458435,182.11741616218634,200.81412626055268
3.1544074724342006,185.07650404535548,182.15510203661125,200.5475795042812
3.15988753572676,183.8414885519872,182.80534495431002,200.28834307955856
3.165347746150398,183.5923764453339,183.4821555756374,200.0362139216206
3.170780894220923,183.3444990090087,184.63214815766017,199.79098896570227
3.176177979394117,183.09826687636757,185.94288584612082,199.55246514703347
3.1815378294097227,182.94741503626597,187.20616065465742,199.32043940085455
3.18686484384109,183.92803534487985,188.24151933742186,199.09470866239775
3.1921632053633964,184.90338109963466,189.23628796704722,198.87506986689667
3.1974367656100986,185.87416132620285,190.015745683469,198.66131994959125
3.2026977190881705,186.84262084320596,190.1435228374398,198.45325584571
3.2079557723885515,187.6547653136853,190.22540429689897,198.25067449049104
3.2132142334388503,188.39558328506342,190.11404337142028,198.05337281916707
3.218480778353581,189.1375401204537,189.6421574220101,197.8611477669752
3.223760574867977,189.88136385627126,189.16093135462341,197.67379626914777
3.2290533071458363,190.27832485969537,188.71625279764487,197.49111526092418
3.23435797674027,189.77866930370595,188.31049332651608,197.31290167753343
3.2396741098123893,189.2779339838944,187.90325383634712,197.1389524542119
3.2450022180133167,188.77607070699975,187.46501022827377,196.96906452619896
3.250343050211921,188.27300893583123,187.0090213669259,196.8030348287205
3.255697047397511,188.00180245068628,186.5442374160045,196.64066029701974
3.2610657104517182,187.7511423009465,185.98881700658382,196.48173786632913
3.2664508273883452,187.49971392779813,185.40607514966405,196.32606447187783
3.2718521467516566,187.24752907158165,184.8745888883758,196.17343704890902
3.2772654442771136,186.8454102603465,184.58620817583883,196.02365253265515
3.2826867631917427,186.34353668156444,184.32789042014224,195.8765078583458
3.288113109465469,185.8411976996689,184.24425777834276,195.73179996121956
3.293536632376674,185.33912008794454,184.51994780757946,195.58932577651223
3.298951904081747,184.99721,184.80615622059918,195.44888223945657
3.304356612825881,184.99721,185.24204984558503,195.31026628528878
3.3097467217659973,184.99721,185.8088303402947,195.1732748492429
3.3151204342230196,184.99721,186.37420535457326,195.03770486655333
3.3204777919577966,184.99978281475973,186.94502680676914,194.9033532724552
3.325818798946099,185.49422159132496,187.51706839957714,194.77001700218506
3.331143986028498,185.98719585474925,188.05736836286752,194.6374929909735
3.336457215736194,186.47906317528214,188.36176235087993,194.50557817405883
3.3417625728288503,186.97020169576712,188.6158611600019,194.3740694866757
3.347061950634733,187.30514845140542,188.7870122677027,194.24276386405444
3.3523611289772504,187.5525643952673,188.63005442268874,194.11149208556304
3.35766519696669,187.80020863425915,188.4391152820016,193.98022030707125
3.3629760772714743,188.04817093679256,188.14651508905413,193.8489485285803
3.368298395059923,188.16515275037406,187.63032751164548,193.71767675008755
3.3736355091913586,187.9159656038059,187.1047605493606,193.58640497159615
3.3789887917437866,187.66602356187806,186.49877004918488,193.4551331931039
3.384360821937253,187.4152062021174,185.80126328180214,193.32386141461205
3.3897530586823557,187.16344540872944,185.10364497755614,193.1925896361202
3.3951641681111804,186.67889506689278,184.50728839926657,193.06131785762926
3.4005920277192256,186.17641598947392,183.9628840590612,192.93004607913696
3.406035837931597,185.67246029962865,183.42763234554798,192.79877430064562
3.411494213320606,185.16715625204245,182.98229951842328,192.6675025221533
3.416965593202475,184.6645156447828,182.5566969403462,192.53623074366146
3.4224484766468297,184.16277513899445,182.21519239354743,192.40495896516916
3.4279376224770877,183.66046156016841,182.14023675495605,192.27368718667782
3.433428734993483,183.1579680092333,182.08468862169377,192.14241540818597
3.438915973291653,182.87234,182.39765493923025,192.01114362969412
3.444387006891212,182.87234,183.16559550830314,191.87987185120227
3.4498349924514287,182.87234,183.94422425128192,191.74860007271047
3.455253810506872,182.87234,185.14385140689248,191.61732829421862
3.4606347669334383,183.0315301107221,186.54254852996917,191.48605651572723
3.465975343767586,184.01464704624982,187.9541544260504,191.35478473723606
3.4712731891086324,184.98989778008195,189.56468027023058,191.22351295874336
3.4765257178290554,185.9568064305438,191.21142075249563,191.09224118025196
3.4817342488156626,186.91561578413518,192.78041817100288,190.96096940175966
3.486904903657886,188.25949441946534,194.02176839682247,190.82969762326826
3.492043245385381,189.7199408140549,195.21250667198078,190.6984258447764
3.497152062522174,191.17199557485867,196.27040438632648,190.56715406628553
3.5022394176950256,192.6179503038776,196.862070570594,190.4358822877927
3.5073120741564963,193.907227183489,197.40942598893417,190.3046105093012
3.5123741628077525,194.64553128723594,197.68459703741965,190.17333873080912
3.5174401248970106,195.38440033074778,197.10798749293602,190.0420669523175
3.5225217541181424,196.12555442072028,196.46761741900846,189.9107951738261
3.5276225105743944,196.86949821216888,195.6328645088248,189.7795233953347
3.5327519416423154,196.64861581291495,194.27862857454954,189.64825161684217
3.53791776191991,195.89518248273794,192.88657427172214,189.51697983835055
3.543122057866988,195.13613748776584,191.41694512973763,189.38570805985847
3.5483684651439242,194.3709505680289,189.80314244671266,189.25443628136696
3.5536599174631127,193.50659850296302,188.17196313788875,189.12316450287534
3.5589946880056313,192.23939980748912,186.73253691728092,188.99189272438372
3.564367531937347,190.9631573211458,185.51379372375024,188.86062094589164
3.5697755717205073,189.67855456200698,184.3098900799735,188.72934916740024
3.5752064577504106,188.38852500262647,183.95448735840083,188.59807738890726
3.5806414287128643,187.56642382304955,184.0327759296687,188.46680561041632
3.586072513655721,186.8100715672478,184.2178639120912,188.33553383192492
3.5914853097550203,186.0562662810159,185.2799869196822,188.20426205343307
3.5968644640526186,185.30714607205192,186.529872148804,188.0729902749411
3.6022066021593595,185.43123913017746,187.85676532848103,187.94171849644994
3.607506989264838,186.16938993909156,189.48115826065373,187.81044671795695
3.612761941158987,186.90121327845895,191.1192908170933,187.67917493946737
3.6179740582263986,187.62707128711048,192.6077179681665,187.5479031609762
3.623150079065468,188.43045880671457,193.7931265047266,187.41663138248322
3.6282947584525314,189.65250405795064,194.96152967175163,187.28535960399205
3.633413625200836,190.8684178848074,195.75154711873904,187.15408782550043
3.638519508360061,192.08124764515878,195.95356433840507,187.02281604700926
3.6436202253529553,193.2928502563417,196.14827074712036,186.89154426851616
3.6487230836118902,193.90083062543673,195.7892624091882,186.7602724900243
3.6538445318886965,194.14838052586552,194.72815729661747,186.62900071153382
3.658994073311314,194.39728833426727,193.65888442664138,186.4977289330406
3.6641729295055505,194.64761309904605,192.53007551809137,186.36645715454898
3.6693830103458858,194.7775861014112,191.34478730739662,186.2351853760578
3.6746254182283726,194.0217649928652,190.16295449471016,186.1039135975662
3.679891877433267,193.2624762988944,189.59967580274213,185.97264181907275
3.6851689612739253,192.50165580423948,189.39763194969055,185.8413700405826
3.690450857697946,191.74014145817637,189.2543002383635,185.71009826209098
3.695724264626003,191.34277141155675,190.00865815648274,185.57882648359913
3.700972662606998,191.09344312366375,191.06292125380065,185.44755470510614
3.7061917460244413,190.84550744166057,192.14920836365656,185.31628292661452
3.711377684323544,190.59914633834558,193.5138920180559,185.18501114812312
3.7165265342159524,190.67422690153762,194.92751332439497,185.05373936963264
3.7216395867229073,191.6542968941509,196.2326129962328,184.92246759113942
3.7267255500718433,192.62917443648848,197.00808506052385,184.7911958126478
3.7317925476664247,193.60041662270464,197.70420428626196,184.65992403415675
3.7368444409747053,194.56876361906245,198.18756526600774,184.5286522556649
3.741896244301877,195.20880686414347,197.71123871110305,184.39738047717145
3.7469617671074475,195.70276514678642,197.11563858835783,184.26610869868028
3.752041198604368,196.19807971851475,196.62981226235397,184.1348369201889
