0.40814465081705864,118.79771065728117,117.52704616020013,114.336223413973
0.41667764044067146,119.8045409605059,116.85929685770176,115.47612618269083
0.4252732444260581,118.24973810558134,115.82239965099889,115.40366341643204
0.433974195805025,116.21988708795097,114.05116948734168,114.21571414698435
0.4428147470757706,114.35466201625704,112.19430629556017,112.30603103916548
0.4518069692768072,113.34155767803716,110.23734388609844,109.87312094905431
0.461000488203254,112.30577434220987,107.34564386980854,106.98379816138433
0.47045653558793477,110.44390851074913,104.20581937414516,104.04408780145123
0.4801844800936653,108.0685765589724,101.42506301730539,101.76926525200105
0.49009526692644745,105.61728386848073,100.38066661234018,101.03457312110099
0.500008804168894,103.07121682492141,101.3685074036503,102.42026927572923
0.5096618379942756,100.59205417166223,105.92018793179643,105.9923014847806
0.5188767869986752,104.99305669992623,111.24921902370697,110.83745765124554
0.5276545845125421,110.130325069447,116.73013835287976,116.03441217509207
0.5360641141354578,114.83082233839389,121.17846496259907,121.01123956626924
0.544174578848539,118.68219282026655,125.4919588879024,125.83384183563469
0.5519866860717605,122.39188396930905,130.62373748372596,130.69996206737034
0.5595026753125576,126.06315445089626,135.56744696182508,135.4563603166573
0.5667639178706163,129.84512041385432,139.93680135941125,139.89665168528876
0.5738081876316307,133.51407765595656,144.04123376764375,143.92914541117787
0.5806683900188774,137.08938048763866,147.53727232379987,147.47998290619688
0.5873723972212368,140.66932899520663,150.82805811880897,150.57765002951132
0.5939489144197927,144.1811976760277,153.30444047405774,153.27167241331338
0.6004258116777363,147.63986917985392,155.50101353846884,155.85297803125823
0.6067992539894026,150.8209541092974,158.32659249345102,158.65541855809445
0.6130487737589632,153.70695111819597,161.73427881173794,161.6904869761713
0.6191720340612586,156.53464213586514,164.92017745446609,164.67166746891675
0.6251902664298414,159.31383177843318,167.42215075430644,167.3642676632349
0.6311210555555335,161.83628804923012,169.81812449039685,169.77193767891526
0.636973761661038,164.23618489464724,171.9170341056656,171.92674104711585
0.6427590422493515,166.6084339677193,173.7981276386017,173.90211049551417
0.6484825690060795,168.9553609379994,175.64654979322367,175.76755141488044
0.6541477519193504,170.8453271832535,177.3957310711231,177.50165719538325
0.6597578326248146,172.5365273264635,179.11365740452035,178.98301050365166
0.6653229986144764,174.2141875978276,180.2683720603229,179.98330335413343
0.6708691825917479,175.88612560176662,180.33994655781737,180.386960403952
0.6764136705746537,177.04643110349878,180.37866789532822,180.3551117109469
0.6819637445498472,177.784449919648,179.9773363013926,179.97101099776586
0.6875307641244908,178.5247220699512,179.28266824719353,179.3455370256889
0.6931195818583247,179.26789282155443,178.576165339569,178.59982511903414
0.6987318290330539,179.54116919813714,177.78906491593813,177.79387527120804
0.7043693169966729,179.03996689829495,176.98071839481827,176.9707956095286
0.7100322677582496,178.53650082193045,176.19380373644185,176.17025760546136
0.715719646414091,178.03086297741942,175.4635669515272,175.43998193819044
0.7214306628123931,177.45460315951829,174.73829532954505,174.8478846380179
0.7271585296009655,176.7016920909532,174.43210471008217,174.49407106633177
0.7328921084099937,175.94803019427295,174.3901746225156,174.3728954103385
0.7386263711614499,175.1942783953929,174.3904946089075,174.42597651062457
0.7443566041314948,174.61412,174.63562649182276,174.6219572457503
0.7500781616069192,174.61412,174.91977519010695,174.8909037467339
0.7557905989773861,174.61412,175.193686794921,175.17721243650047
0.7614943605195148,174.61412,175.4522988639236,175.4511368208988
0.7671897854010881,174.65462412690624,175.7069374063226,175.6964014155585
0.7728781354574351,174.9024250197786,175.88895880549867,175.89519174421548
0.7785610716734147,175.1499900701899,176.04185679614423,176.04073641093885
0.7842397167442786,175.39736818597504,176.15486988260844,176.118865443484
0.7899172009961051,175.62565,176.1138354853696,176.11355210477103
0.7955962562548795,175.62565,176.05742543409994,176.04463372026396
0.8012779518713802,175.62565,175.95020055797218,175.92735138072942
0.8069640180771805,175.62565,175.78689829253133,175.78742463498585
0.8126551945771519,175.62565,175.63435473910954,175.67219567195625
0.8183490697739415,175.62565,175.6202713445099,175.62997951366958
0.8240427219378641,175.62565,175.64811579718537,175.6722737004695
0.8297344357273826,175.62565,175.73992135295768,175.8070674871531
0.8354202202246843,175.62565,176.0147435972495,176.0258776555687
0.8410969664469377,175.62565,176.29998612298013,176.25660404952967
0.8467668162883661,175.62565,176.44309969873822,176.41838886060464
0.8524338586835288,175.62565,176.47467937436602,176.47239867583124
0.8581004095764,175.62565,176.47370807085395,176.39994464318215
0.8637714925861188,175.62565,176.19283994470888,176.17477118258432
0.8694526708681325,175.62565,175.84714705341176,175.84235119557061
0.8751453050031559,175.62565,175.48443061064404,175.45837041724715
0.8808503284644331,175.62565,175.08426022362224,175.07889754500906
0.8865683473919748,175.44232228090422,174.68767940684745,174.78504561600286
0.892293923848168,175.1928996989605,174.62213868947697,174.6704209475642
0.8980185122366552,174.94352016008855,174.74800355515708,174.73555560582074
0.9037383599512357,174.6943471386101,174.91173186379868,174.94119122479472
0.9094495413849828,174.7826883547438,175.27889362255075,175.2682915497532
0.915148295118098,175.03094246170585,175.67548124356853,175.66605596275383
0.9208338867249196,175.27862318858132,176.09139443727665,176.09628932666982
0.9265056041668434,175.5256995169202,176.5360416961952,176.5296510668487
0.9321631602103433,175.77300624180876,176.97403487887436,176.93032412822873
0.9378087785330657,176.02036796313396,177.28326868095726,177.26500049896953
0.943445395247682,176.26733528066697,177.53969442129883,177.54161703674282
0.9490740361082055,176.5139531376299,177.78604244756136,177.78219996768792
0.9546955450227892,176.7609394946757,177.99043865506636,178.00464183631408
0.9603106806029555,177.0083947956158,178.1898526934522,178.2322902466732
0.9659189957895491,177.25554952633453,178.42363870446198,178.47814912890405
0.9715192322869945,177.5023482345805,178.7043569869858,178.71965622049356
0.9771108895170196,177.74924584839846,178.97155802126363,178.8855125131594
0.982699236942997,177.99694537700697,178.91600617892763,178.8859662567452
0.9882914743239568,178.2448173251059,178.7227076315516,178.71583714033142
0.9938906769607134,178.4929980032186,178.4711861119643,178.39069317524851
0.9995022096909459,178.6493347960371,177.9384731030962,177.9219195781573
1.005131183361732,178.39983453799618,177.36700367037395,177.39905210081847
1.010776800675598,178.14959656230266,176.890733567366,176.9233355693045
1.0164353009633516,177.89878755794612,176.5601188153359,176.56557122694323
1.0221041286002273,177.64762893387916,176.24679392354244,176.3677083993293
1.027776810160362,177.3976376197676,176.3201650030604,176.38159564822251
1.0334445087763031,177.14786590070185,176.55690834279847,176.54485536527275
1.0391049952946836,176.8984120139924,176.76973932057405,176.74456544679387
1.0447602617145197,176.64918817356372,176.8829547334972,176.88348244376368
1.0504120876453609,176.64303,176.9850148106915,176.8883842542142
1.0560653720763291,176.64303,176.79173592159074,176.67334062288523
1.0617308325292218,176.64303,176.22549230677726,176.23726509215
1.067414559072692,176.64303,175.6572382391717,175.6889807259768
1.0731164604945405,176.42411100870217,175.10382034774454,175.116872521771
1.078836344327978,176.17349535777782,174.55449345373646,174.58006548607295
1.084573134197348,175.9221389720199,174.0731985720108,174.1303639033106
1.0903221580144182,175.670246558109,173.81214506935322,173.80102177610814
1.09607954939956,175.21390113562583,173.56757216446485,173.56957264969896
1.1018431626959155,174.71318660996087,173.4370203114937,173.43058994421494
1.1076096434078853,174.21222297725572,173.3949781439747,173.37489122850158
1.1133771176608471,173.7111730305699,173.37726868298222,173.39791579565915
1.1191423844028816,173.60841,173.5278210864141,173.5166115288009
1.12490212171391,173.60841,173.7103331091874,173.72414955105458
1.1306541942271437,173.60841,173.99065559905918,174.02835689861556
1.1363943259936842,173.60841,174.43396581778487,174.4258933400063
1.1421198425766255,173.79637826346845,174.8800625012783,174.87629174060174
1.147830279998232,174.0437100472447,175.35645225276878,175.3505504974434
1.1535250346152641,174.29036257376904,175.8446088116136,175.82204134493892
1.159204359623145,174.53634680950015,176.3105325523361,176.26740395008616
1.164870037549791,174.95227494768073,176.69265072319158,176.68094241080016
1.1705236243431427,175.4462723111992,177.0654668050084,177.0966618493393
1.1761639881965087,175.939114284745,177.5221750348929,177.55908234456155
1.1817883140019345,176.43055489068325,178.07686663683887,178.08404883072154
1.1873951274678287,176.92369103047884,178.63285288004636,178.65433665622677
1.1929837914602657,177.4176933062961,179.2354450426831,179.25137808418694
1.1985534614696325,177.9100166350741,179.85331929766457,179.83743312506988
1.2041048383349995,178.40072296651965,180.41855044233256,180.35938850819826
1.2096421055824813,178.89244300194355,180.7707894832689,180.77569424622638
1.2151689599755984,179.3866561307379,181.0990017226172,181.102864144979
1.2206869600152785,179.88007750034984,181.35133444398767,181.3469772961463
1.2261990632931719,180.3729715795928,181.48662000096803,181.51030513056816
1.2317071261451915,180.81909439703895,181.61749001694332,181.60223098212208
1.2372134535327763,181.06742454519912,181.6010154108354,181.60649143681914
1.2427215219699725,181.31583321304717,181.50270586878764,181.5249982310501
1.2482329662191878,181.56439412681885,181.3786267535328,181.354890407966
1.2537512402373587,181.8132630566995,181.05382941297836,181.06918861649717
1.2592800836017415,181.57553134591976,180.68585784059294,180.66841500771886
1.2648218238588074,181.32560411089824,180.21222684930865,180.13361461134343
1.2703825138464944,181.07482226097983,179.45695515562636,179.45694998651268
1.2759669451129083,180.8229697018847,178.68324550040467,178.70745113013479
1.2815751571524012,180.37169998269525,177.9382080200858,177.94871254740815
1.2872065030509798,179.86814318928202,177.21813602195405,177.22117304962183
1.2928605347451392,179.36255782460285,176.51315735225796,176.5574911864824
1.298534168290177,178.8552196560023,175.99538923247658,175.9927723161833
1.3042237175307327,178.17942559116082,175.5269313210923,175.51782997383103
1.3099275390173455,177.42533224467837,175.1156608621253,175.12961785952163
1.3156423394625931,176.66978738719098,174.85301182237845,174.8353250287227
1.3213655870284517,175.91312574905672,174.59911875985208,174.6255047254139
1.32709463549255,175.47079985186136,174.49902152687912,174.51243128352633
1.332825318292057,175.2211548229128,174.49953064848353,174.48156536772856
1.3385557816014844,174.97151935558355,174.5123894565819,174.50579995452256
1.3442845889928603,174.72195602480843,174.60043465710976,174.576675326624
1.3500103007120772,174.61412,174.70114815815566,174.68814880768392
1.3557316771787362,174.61412,174.86515846735543,174.85597816658583
1.36144605861309,174.61412,175.12917794069932,175.10562655955957
1.3671515947336066,174.61412,175.40777794003202,175.46808237044337
1.3728432085443143,174.7388496011555,175.9873636612874,176.0029977771794
1.3785141668707273,174.9858928602389,176.68810682060123,176.70892880077358
1.3841614270134532,175.23190375826522,177.46765003404917,177.5769099873984
1.3897788068685988,175.47661298500404,178.57366307319666,178.58964330997807
1.3953610668145935,176.00770371779703,179.707760369399,179.62425100978288
1.400911411337573,176.9889458273602,180.63260526809435,180.544450150675
1.4064376217065557,177.9659212741816,181.28021934940116,181.290249668069
1.4119442915787648,178.9394421681916,181.91681091720417,181.882465710704
1.417435257115558,179.86806315092687,182.31829793916714,182.31963407625926
1.4229158329487883,180.60957892442858,182.60708825861298,182.63577241449022
1.428388092641642,181.3499695334491,182.8728358791703,182.86299613299786
1.4338547409951357,182.08960093453737,182.98208088131474,183.00388612259792
1.4393185720177955,182.82885115391846,183.0614672768928,183.0759119599946
1.4447808546525276,182.87234,183.0858272873851,183.07519847430189
1.4502446303713992,182.87234,182.96145097038527,182.98454345435186
1.4557122469401877,182.87234,182.82869511479498,182.8011272187668
1.46118623754123,182.87234,182.53570389524353,182.4952179312911
1.4666716806672055,182.6994403920608,182.06625618482394,182.06291230369882
1.4721713849749887,182.44997124665778,181.5902813847447,181.53770183400113
1.4776873672598674,182.19976372464254,180.99344636445883,180.9471153498647
1.4832223659806438,181.9486936082501,180.34474843378803,180.36629374012787
1.4887759365641107,181.69748581524823,179.78479438632792,179.91360548378267
1.4943394829384125,181.44657514499977,179.69816514891554,179.69412176176743
1.4999046543757637,181.19559118594748,179.6798032992477,179.68585284948492
1.5054676280017847,180.94470634610383,179.84021829852938,179.88433847425515
1.5110206995857547,180.77187,180.3214580821968,180.28307649201867
1.5165588437146142,180.77187,180.81101316317114,180.8282113789963
1.52207882207011,180.77187,181.51059890206648,181.51040104074195
1.5275756807007437,180.77187,182.33544722281084,182.29924722183426
1.5330475581237797,180.8436615272112,183.17172981616594,183.16264934966125
1.5384925335325788,181.58462841333264,184.14195002000235,184.1037790198045
1.5439084869996351,182.32164591562994,185.1401395097341,185.12745119423298
1.549294113040442,183.0545363802632,186.2218813597427,186.2744749569128
1.55464403440333,183.78256805637466,187.62062262400187,187.59978996700852
1.5599539503547208,184.51517879271975,189.03851093525304,189.10239018926507
1.5652212406322494,185.24449433761959,190.67037834442692,190.813749530539
1.570437884005548,185.96679724934185,192.72896823080708,192.7137164965867
1.5755992329636914,186.6814440277595,194.777458585639,194.64363115903157
1.5807093827066756,187.89914565456434,196.60907663526731,196.46103969966785
1.5857757396070808,190.07805877122212,198.15797763783823,198.14098685991533
1.5908028177544697,192.2400790807137,199.69336435609634,199.79147249634016
1.595789069560002,194.38454100386878,201.4169298831686,201.5324943638959
1.600730030724042,196.50952455730965,203.37205595607773,203.39579944757267
1.6056239298529542,198.3395544347161,205.3092192763261,205.30975541480726
1.6104728481078137,200.03816683495654,207.16223523787323,207.1905965034622
1.615279903010776,201.72211418932272,208.90018508692245,208.9592312886274
1.6200473020966126,203.3921698137873,210.622847700132,210.5141653138223
1.624780219273874,205.05014616728636,211.9537076571804,211.68682580878937
1.6294936379882998,206.5434331315696,212.3671558168606,212.39653882491208
1.634198338090199,208.01010211385295,212.73997001516219,212.82158232413917
1.638895240245625,209.47434012158539,213.07286495567038,213.09232430642646
1.6435868106346985,210.93691597526742,213.22368064880112,213.26240469863353
1.6482753148380949,212.39853595942986,213.35163915396444,213.37803771274483
1.6529611298854483,212.73614092739803,213.4684827823247,213.45129930186607
1.657645687855549,212.98449916355275,213.46614217592295,213.47002091725992
1.6623306530587596,213.23287898972677,213.43137499130094,213.4422452206595
1.667016404180167,213.4813004824269,213.39454108377026,213.37150480735087
1.6717040032650787,213.7298199474351,213.263147308777,213.24854628975336
1.6763950576919162,213.73703,213.0803110783297,213.08677947773913
1.6810901407980872,213.73703,212.89731782807166,212.91255841250307
1.6857890528888517,213.73703,212.73318106018354,212.74583269237135
1.6904913571955367,213.73703,212.59025515453808,212.59322333439846
1.6951968248291127,213.72977604489103,212.44725060329853,212.45052059988024
1.6999054583035649,213.48014141300519,212.3044818915947,212.31213873312913
1.7046172522408662,213.23033922486667,212.16234557878138,212.1702844840154
1.7093322046344586,212.980369586856,212.0201398051083,212.01062865105638
1.7140506381486564,212.730215392484,211.84941741785548,211.8107176962836
1.7187741811430375,212.47994141825112,211.5617647108557,211.55453315414687
1.7235042966980938,212.23061421616433,211.26110039973,211.2630820095917
1.7282411221064806,211.9809333337207,210.9628208364548,210.9609309931015
1.7329843977901924,211.7309124534312,210.686897589155,210.6697530852917
1.7377338373040323,211.48056667399237,210.41559762468228,210.41159482073087
1.7424892648533212,211.23020519379816,210.15663012303366,210.22505797312044
1.7472478354773637,210.98082084442703,210.1376477373684,210.15787545473566
1.7520058018708937,210.73146816121056,210.2100163403711,210.19097481910651
1.7567621203319055,210.48220184186493,210.28328685612246,210.289994535278
1.761515879131517,210.23306966773714,210.43647395959871,210.44230813321207
1.7662656006986563,210.14615092550366,210.64093937905102,210.62726072894986
1.7710107162598767,210.39483012991576,210.84520651974174,210.81766616782465
1.7757514470050957,210.64327953748926,211.03076459212411,210.99784632744058
1.780488256406733,210.8915234376121,211.19443615987532,211.17500374584034
1.7852213980941496,211.13957512234154,211.35794692066673,211.38456194915494
1.7899497012630787,211.38798254797297,211.62694584546435,211.68074655393085
1.794669501756745,211.63676603704351,212.12035328282076,212.0946049776695
1.7993782672265364,211.88496786344732,212.62001244755783,212.60347060173947
1.8040753129263056,212.13255193380803,213.18028641624528,213.21415099892545
1.8087573358341387,212.3793441438775,213.9870241311303,213.9508072155833
1.8134214920404923,212.74647562215262,214.8166862667259,214.79845983925225
1.81806727575219,213.24050530091765,215.68292841031578,215.7799101885392
1.822690382439827,213.732123519398,216.93019514435477,216.9422624957923
1.8272860443776076,214.22082328067134,218.26693124884764,218.23502330753277
1.8318537196747329,214.7065469604156,219.5966018290712,219.6021392025351
1.8363930055825084,215.52129015269907,221.00584112033886,221.0212251733788
1.8409029665640522,216.7447792488489,222.4617553610612,222.46270645035204
1.8453836018882757,217.96031270588884,223.90820263691722,223.88227305697845
1.8498361937061985,219.16823835338965,225.27252920374295,225.23360937480086
1.8542635255002917,220.36931131106667,226.46999797848852,226.4925324913359
1.8586676230833454,221.5725674236213,227.6556418878254,227.67343981633306
1.8630491232083868,222.79603434678017,228.81195527760056,228.7660820566509
1.8674108316378857,224.01397474154487,229.72578879607116,229.7400781198302
1.871755840293186,225.22725197967998,230.5740519808977,230.61412885958796
1.8760849222857598,226.4360819407441,231.4192058504678,231.39206617165632
1.8803999482041185,227.64098695798066,232.07836817591095,232.03636003757182
1.8847050198813884,228.64899024291816,232.49033652279195,232.53642699171755
1.889002488223304,229.6342616669071,232.90030580355398,232.9255867858272
1.8932928219900154,230.61789736201752,233.264176334085,233.1893959871023
1.8975797750702448,231.60075797433058,233.26763837917593,233.28526119266536
1.9018673764580987,232.5837672227534,233.19364600921304,233.2496597261979
1.9061563387343683,233.08188,233.11963015399195,233.09956943489226
1.9104486630540447,233.08188,232.82856748124092,232.79571065839482
1.9147489335004468,233.08188,232.2591572997285,232.3211801448656
1.9190597821253637,233.08188,231.68732107875306,231.69612767791435
1.9233819994532118,233.08188,231.03904685697452,230.87627517364535
1.927721515019236,233.0286692263545,229.8449836893748,229.79846306518243
1.9320847310309555,232.52560845933922,228.5362420820924,228.55853206647535
1.9364730779589618,232.01965020157647,227.22004006194243,227.28479534577173
1.94088533353271,231.5109353758068,226.0657986286082,226.08509955289992
1.9453186973005847,230.9997868625234,225.0611612564004,225.00669514472642
1.949771940236333,230.48634636337192,224.05201909819715,224.07856057104155
1.9542434546728396,229.34161023165393,223.22526507437584,223.38872463302317
1.9587250771297011,228.07564260087884,223.04176375473108,223.0095740037021
1.9632098387929457,226.80878820784176,222.91285263247502,222.84947096964336
1.9676969600811156,225.54126726852485,222.807239125223,222.85897535802243
1.972182587452033,224.27416833059328,223.06141749506307,223.0539833070236
1.9766618832477427,223.84553,223.43765541736425,223.3915731369445
1.981133649179859,223.84553,223.81326086966132,223.83682275136027
1.9855962691152897,223.84553,224.35461969567558,224.4025051036318
1.99004617725258,223.84553,225.094077229108,225.07801157817462
1.9944815106591585,223.84553,225.83151633447036,225.80559777452467
1.9989024194443723,224.0675882979343,226.56534583795133,226.54578162795224
2.0033091080952703,224.56119815639423,227.29134248316433,227.28143664758014
2.0077017722414636,225.05323707705242,228.01436194919427,228.01141811297728
2.012080545975172,225.5437200800854,228.73565742353807,228.74223633467514
2.016445284187733,226.03263091132325,229.48319225271462,229.48301276697745
2.020795699723738,226.55826449442273,230.24426705899302,230.23597762085552
2.025131782060585,227.29741900895132,231.00283437221935,231.00336954031772
2.029453433310845,228.034113514197,231.78455654049824,231.79575217574606
2.0337598796147587,228.76821609339927,232.6370565145683,232.62344462913515
2.038050560464571,229.49963119905576,233.49099690624334,233.48426269549836
2.0423255663762028,230.2283742610514,234.34617668295215,234.39008019773246
2.046583810387185,231.15241325795287,235.33306785638013,235.36253433241387
2.050823700169131,232.13577735899426,236.37962932433237,236.38163200786755
2.0550449002075784,233.11480671933256,237.42157747304236,237.40250427621632
2.0592480382119627,234.08964692457423,238.4154574452564,238.3793188339686
2.0634349889707893,235.06073279727545,239.26063104562905,239.28190298168354
2.067607301256852,235.97250553067036,240.0913131444534,240.11644250513103
2.0717652342866577,236.71053685279205,240.9183370855378,240.86675032896534
2.0759108257862344,237.44637755861314,241.5226217029274,241.48847853511143
2.080047542891638,238.18064306329032,241.9529298881303,241.98796458135277
2.0841769159593104,238.9136050044331,242.38247413432302,242.40403388695393
2.0882992144180763,239.64531120554173,242.7840877880405,242.7392188364384
2.092416536724282,240.2258241358345,242.9685785717464,242.97350863586087
2.0965311305524295,240.71979512373704,243.1061699420366,243.13441042455267
2.1006433969503826,241.2134866957263,243.2436834834034,243.24283843082208
2.10475385958348,241.70696171960776,243.3195642975966,243.2918749016145
2.1088641642925894,242.20041778417715,243.26237285113058,243.27550224511023
2.1129754740160176,242.69399450413485,243.20061991050818,243.2166206996113
2.1170878378917104,242.69934,243.1376745493201,243.12383224875234
2.1212019153010755,242.69934,242.99808953151893,242.989666796406
2.1253187475575075,242.69934,242.8123996061632,242.82125435241178
2.12943873055916,242.69934,242.62656756636167,242.63364890629018
2.1335619116060087,242.69934,242.43588454210797,242.4329155617946
2.1376885826501777,242.69934,242.21636636470654,242.21862665934356
2.1418190384951257,242.69934,241.99179498160044,241.99425768312543
2.1459533310197054,242.69934,241.76701499960942,241.76097319481278
2.150091563976517,242.69934,241.53116979175113,241.51709690353724
2.154233995027349,242.69934,241.27724118364665,241.26583330455824
2.158380792565599,242.69934,241.02278389769515,241.02271481296052
2.1625319228608006,242.5144107729655,240.77383335051678,240.8132675256224
2.1666862384565753,242.26432168974424,240.65327042147433,240.6658892537585
2.170842179157146,242.0141347754942,240.58555941052353,240.57079860823282
2.1749992898456476,241.7638774281723,240.51782933741183,240.50806270490665
2.179157410037771,241.51355930890622,240.4687531595767,240.47279468190987
2.1833158022518884,241.2634449625463,240.48636114901976,240.46880238188177
2.1874738387595647,241.01457161464066,240.50989780554096,240.49311958516412
2.1916314673267445,240.76572268343193,240.5335558173458,240.55906516943236
2.195787580910963,240.51696442936878,240.68529403522697,240.69753129123364
2.199940102747222,240.2684211542597,240.94988633510457,240.9134466585915
2.204088069602818,240.02015051102512,241.21418839863674,241.1984096910802
2.208231185772296,240.05122980130648,241.51443708819662,241.58010433963202
2.212366510322176,240.298743757354,242.1243090754497,242.10491602022805
2.216490843185151,240.5455998216504,242.80355452256325,242.75004572113613
2.2206036702373515,240.7917672220444,243.4809050524004,243.51330333084655
2.2247035640626285,241.03716052257712,244.33811195610303,244.44730806159924
2.228785746173756,241.28149371370742,245.59918039410996,245.57784957759492
2.232846949376463,242.206777929615,246.8689865762807,246.82262818373118
2.2368873649692613,243.18819696517573,248.13282494649565,248.12695877271537
2.240906556837979,244.16446074718908,249.48331185023272,249.4797949307748
2.2449035649716222,245.1353360884882,250.89493372074745,250.8709688867163
2.2488782093223216,246.1007792553529,252.29865738238146,252.29084668802352
2.252830779290581,247.12571083369983,253.70514991976395,253.75262645482962
2.25676036409345,248.5994540596089,255.25921830940092,255.2796681717292
2.2606657775439976,250.0641321123427,256.8554286157583,256.8491192050482
2.264547069584702,251.51976372222327,258.4417800829827,258.42179377121994
2.268404760924688,252.96654417490674,260.00774593825975,259.96486185244413
2.2722399196377916,254.40487403855946,261.48725531017976,261.4605603930307
2.2760536101942446,255.80927604643875,262.94318423251116,262.92934230021393
2.2798462994890856,257.03285445429276,264.39109563390195,264.41268279656606
2.2836180177997862,258.2496673083692,265.87535191747185,265.96538826150805
2.287367025921599,259.459153515151,267.6046917213218,267.6282973529705
2.2910916834362998,260.66078385113417,269.36318835924766,269.3567316642792
2.2947921812786807,261.8546199147438,271.11027865916,271.0907651220181
2.2984691578994183,263.04086767973695,272.8202305965434,272.77733755719026
2.3021243932050695,264.70500237770057,274.3444118964519,274.3779673645084
2.3057596471156905,266.4048624488944,275.8274832024361,275.8984701711297
2.309375458664686,268.09563118973574,277.3026226254916,277.313915529089
2.3129724600591874,269.7776042229475,278.71967790546216,278.53287085889303
2.316555477118566,271.45303812203497,279.47013306204315,279.4410286696636
2.3201302002799205,273.1245937594017,280.01428057755464,280.1091073682132
2.323697990169957,274.4672508442841,280.5573727043172,280.6277317281431
2.3272589240503034,275.4494091630596,281.0935565024254,280.99682519554045
2.330815781878264,276.4304432462013,281.2005157105522,281.14576174104394
2.3343729639892494,277.4115667714052,281.042320312993,281.102207147609
2.3379321495246224,278.39324287073566,280.88403581885547,280.94489672047246
2.341493341873221,279.3754724788844,280.72566207757484,280.69328962346594
2.345057761829082,280.35859230893254,280.37566799201795,280.3087355568549
2.348628324869074,280.40334,279.760755281276,279.78434952165884
2.3522067639328847,280.40334,279.14283620207834,279.179301132688
2.3557931419707714,280.40334,278.52354623362487,278.5261190139141
2.3593877842840714,280.40334,277.8608345049479,277.82348356076665
2.3629917490411425,280.40334,277.0846345881563,277.0674137870285
2.366605877737327,280.40334,276.3002022130214,276.2898148485802
2.3702302964943374,280.0319298078957,275.51353642077606,275.5350388715677
2.373864706347936,279.2779447187329,274.78310162293093,274.8582535115445
2.377507076362618,278.52230823553197,274.3103387853031,274.29960042568985
2.3811555283984926,277.76540999224454,273.86770612892076,273.82514579168713
2.3848098867338297,277.0072864436376,273.4243569163617,273.414953301971
2.3884699202731317,276.247985532174,273.01902371344187,273.0896327888096
2.392133635086183,275.52161346127895,272.8750322394428,272.8820025726748
2.395798955143447,275.0219523586578,272.7799254486873,272.7540285705552
2.399465553588313,274.52211698460917,272.684785486613,272.66517758593085
2.4031333910459782,274.0221127067563,272.59566287350185,272.599549543669
2.4068020111178092,273.5220017419427,272.56844946949764,272.5586512485226
2.4104708882135135,273.021855739307,272.55747016215486,272.5371622229117
2.4141399131068626,272.52168958870794,272.5464904124603,272.5379180833239
2.4178090176773623,272.4208,272.5456326317597,272.5822253304789
2.421476995950687,272.4208,272.7139194919991,272.7015912701801
2.4251423079021883,272.4208,272.9423239310479,272.8888404544164
2.428804555197373,272.4208,273.17053739559583,273.1474365792045
2.4324636638675945,272.4208,273.41076602856606,273.5307839133715
2.4361167685993337,272.4208,274.0695398076582,274.12204098295337
2.4397597513505804,272.647059419901,274.9324945335774,274.8872884650707
2.443391335163378,273.1421215546707,275.7927490634466,275.74758704317907
2.44701162289022,273.63564379260316,276.65086217004324,276.66993738474343
2.450619848509196,274.12752170861495,277.6399665484238,277.6638890921158
2.4542145996108924,274.61756276125436,278.72891827445017,278.7177926052904
2.4577953609007603,275.1056967049117,279.81363209101875,279.7968707751233
2.4613622944547817,275.59495429611525,280.89415709549405,280.87818824440996
2.4649155200994532,276.33209712326794,281.9767660414978,281.9528615198172
2.468455094259467,277.0664078493942,283.0650522050127,283.02390937533806
2.471981111065599,277.79790600261674,284.14929128095054,284.11254393857047
2.475493724370177,278.5266235007339,285.22940882225294,285.2750549803808
2.478992302597565,279.252429318729,286.4339210240163,286.60492994686103
2.4824732606332436,279.97457969819277,288.12552958877967,288.16343628402166
2.4859336120618734,280.99681947944146,289.855626847184,289.8491878003654
2.489373430727063,282.4616904048876,291.5754581894161,291.53934859675576
2.492793199616666,283.91802299265464,293.2642609724515,293.1177015311328
2.4961956842165476,285.3669949443113,294.5442728260254,294.48883920528345
2.499584317389903,286.8100681687474,295.66633014418454,295.6947593409729
2.5029601390034575,288.2476855005077,296.7841452490736,296.82108025625524
2.506323293281473,289.6799083585063,297.89776589692724,297.9231412110404
2.5096739336837195,291.13554571887505,299.00510729981426,299.0247269091468
2.513012232953162,292.60731876871125,300.10437084859757,300.12990220193115
2.516338349129943,294.07372059625857,301.1995307748848,301.2282029981622
2.519652415141853,295.53480980607094,302.29072305324564,302.28846303653626
2.5229546821864575,296.99069714490213,303.35568800405593,303.2531709661346
2.5262471713001435,298.4422736373871,304.0883582949467,304.0596909712834
2.5295323337694855,299.8906199947579,304.71017301110254,304.7448115401929
2.532810805897955,300.9430502671336,305.33072138128614,305.36720063385377
2.5360826283952873,301.68324726764445,305.95001111090045,305.95166887705653
2.5393480982130563,302.42200707699897,306.51981487703205,306.49017727154876
2.5426081638433713,303.1595442762191,306.9650901542404,306.97371321763046
2.545863540033747,303.8960205653866,307.4035424307271,307.4239298040396
2.5491142796525397,304.63144790511365,307.8413702278333,307.8529320329069
2.552360408576644,305.36583214962957,308.27741263925213,308.25445601989696
2.5556024289041206,305.88904293891346,308.62205812669146,308.61041915099673
2.5588411316737254,306.1362197296081,308.9092730621962,308.9256877144859
2.562076825984156,306.3831669156318,309.19622120131135,309.2161127776323
2.565309520203627,306.62988513564414,309.4829032860629,309.48195601547695
2.5685393323584305,306.8763833973751,309.74826912753423,309.70513426491004
2.5717670688776,307.12272324723835,309.8810221496387,309.8661873047774
2.574993543480135,307.36896678801554,309.9906052090331,309.98721156500426
2.578218877912372,307.6778774254467,310.1001495439841,310.1004854697119
2.5814430733821956,308.1740855515883,310.2096551955174,310.2402311951371
2.584665733011394,308.670057309741,310.39581049764007,310.4430532273479
2.5878857417556222,309.1656210930437,310.72068514746434,310.71973791833636
2.5911023725133404,309.6606649995671,311.0480863351985,311.03679176743583
2.5943156210829317,310.1551883826767,311.3751432706587,311.365263319302
2.597525502312652,310.6491935275396,311.701040556794,311.68641296830486
2.600732212549696,311.12698,311.9912437980455,311.98878884454587
2.603936039428733,311.12698,312.2623294028296,312.2743331761299
2.6071370873654693,311.12698,312.53317987284856,312.54718076314265
2.6103353635786055,311.12698,312.80379581880356,312.8006172260489
2.6135309773565254,311.12698,313.0541642022781,313.0148098130741
2.616724686026587,311.12698,313.1770558738541,313.17056901530725
2.61991725639427,311.12698,313.27743721962867,313.28709316791117
2.6231088041159953,311.12698,313.3777864111533,313.38709762050337
2.626299330173858,311.317097387836,313.4781034794229,313.48392420949915
2.6294888280793174,311.5646667097535,313.57985734908675,313.58315122979974
2.6326772752065732,311.812154470104,313.6847564614652,313.6857967552363
2.6358646558902046,312.05955945293505,313.78972948429947,313.7902710813118
2.6390509706461893,312.3068816982969,313.8946674019542,313.89432775753056
2.642236220721382,312.55412130297054,313.99953511743394,313.99524880131935
2.645420440058791,312.8012809016177,314.0979158249398,314.09028140261836
2.648603686558576,313.04905521345916,314.191487617701,314.18016166080787
2.651785985313272,313.29749790766783,314.28503155147746,314.27169887028873
2.65496733716889,313.5458666772779,314.3785476510275,314.38093157200393
2.658147664258882,313.7941554432325,314.4876046518778,314.53633678449336
2.6613260255622757,314.042290739838,314.7676011210352,314.76754755046335
2.6645013249697893,314.2901869936255,315.09443134276387,315.055697815045
2.6676733342202743,314.53782638420205,315.4209229120312,315.382974954431
2.6708420635201042,314.78545911175434,315.74707687947864,315.7664997197156
2.6740070582496225,315.0339807134096,316.16578522959594,316.25940975084524
2.6771661944381986,315.282042290925,316.919563383839,316.900987503894
2.6803176841806433,315.5295034544739,317.70190229487935,317.636975609716
2.6834614323928947,315.7763567378689,318.4823194163102,318.43456236271885
2.686597495846984,316.0226065989616,319.2608288413891,319.31922944911986
2.6897248622704035,316.26817355212665,320.25644436111133,320.3635630009846
2.6928408072898815,316.5128436742246,321.60624328352264,321.58768470127575
2.6959437045008317,317.14535582718224,322.95547678649854,322.90858179563156
2.6990336921195333,317.8817177086887,324.29909680852023,324.26782247683764
2.7021109297984576,318.6150412059678,325.63720525126485,325.6488866371537
2.7051752642989926,319.34528980137395,327.0360544169413,327.0630071400242
2.708226266310948,320.07236118781134,328.48951540065855,328.50930330214476
2.711263827692881,320.7962295945499,329.9365734285444,329.96308864586575
2.714288124529152,321.51693698350914,331.3773123849616,331.38523558609165
2.717299335626012,322.37735859210784,332.8103669999032,332.7128724306673
2.7202989529776307,323.8447166271453,333.9432684350094,333.868106351116
2.723289414082772,325.3075955935999,334.85114661279783,334.8638151999208
2.726271789019101,326.76651895392615,335.7565698995488,335.77955631524645
2.729246143029192,328.22151862359965,336.6595581022817,336.6770008813154
2.7322125399666133,329.67262583862043,337.56024843624607,337.59784480326806
2.735170687616525,331.1196976528247,338.53994538209747,338.5723994854832
2.7381199965844156,332.5624457451793,339.5866213688128,339.5983696535594
2.741060242977923,333.8303225158712,340.63008115163126,340.64594039488645
2.7439915098297964,334.8142536139277,341.670354197976,341.6783798467716
2.7469138789125322,335.79519801981303,342.70746952787704,342.64507429662115
2.7498282167247607,336.7734465889806,343.555820863636,343.48273078424563
2.7527364000142662,337.74962928471984,344.15927162483183,344.18394513765213
2.755639497423484,338.7241048155952,344.7606101055124,344.81063109239454
2.7585375399847916,339.69688359816803,345.36090154088606,345.39772196195554
2.761430554011047,340.66797446481064,345.96015138127984,345.9362794663249
2.764318996133157,341.5470153296451,346.4549765182576,346.3831598116153
2.7672043445097705,342.28823175339755,346.7023111271807,346.7155914903374
2.770087680196207,343.0289311376732,346.93882192905954,346.98156054646404
2.772969051628718,343.76912592524855,347.17517160946863,347.21286485188784
2.775848462816251,344.5088171459811,347.4113604972153,347.40366102165456
2.7787261445900713,345.24806409805706,347.59256737035247,347.51391634257493
2.7816034405871477,345.9872119480416,347.5045078458722,347.5072017984848
2.7844816158442387,346.7265856709116,347.3802317275539,347.4252388487025
2.7873608211441896,347.21683,347.25591113320246,347.3036906092711
2.7902410575936893,347.21683,347.13154601508944,347.1382604179529
2.793122436207706,347.21683,346.98066984117344,346.8820442888429
2.7960064328905987,347.21683,346.50173455464574,346.47633922554667
2.798894830567392,347.21683,345.92417602712777,345.95919969137657
2.801788058827789,347.21683,345.34565158516926,345.38771528993595
2.8046861419893716,347.21683,344.766156366447,344.7856187981462
2.807589117579473,347.21683,344.182604243231,344.1400278977566
2.8104976719286907,347.0643687145147,343.4450145199356,343.4185465747468
2.8134128490327184,346.56367512003214,342.6206399175484,342.63065460922144
2.816335057281262,346.0617738977124,341.7942769977699,341.8090435610943
2.8192643477968367,345.5586562670544,340.965911304093,340.9752201604194
2.822200772315999,345.0543133420928,340.13553016768265,340.1378569287263
2.8251443742665137,344.5487376639315,339.3051757278601,339.29802686365525
2.828095189662103,344.0419230470662,338.47460214811787,338.4546922010147
2.831053263860885,343.53386170105466,337.64198541440265,337.61220572221225
2.8340186506966774,342.92685541399953,336.807310374007,336.791137300119
2.8369914046720277,342.1719577005846,335.9705616858919,336.0382281976975
2.839970627619131,341.41541726394917,335.3460086343393,335.4201814337598
2.8429543242458344,340.6577407862794,334.96364445824946,334.9418334878655
2.8459414295962686,339.8991987012397,334.58108808091777,334.5384335942958
2.848931954286823,339.1397883129164,334.19809379122034,334.1701937889958
2.851925910086825,338.3795066326202,333.8146600817666,333.8350094972717
2.854922875883444,337.618460597257,333.5270805755464,333.5564456395426
2.85792190000532,337.0198866390348,333.35656206357106,333.3378642268996
2.8609224577129693,336.51920055425956,333.1862361300973,333.1534273643212
2.8639245501010255,336.0182583860494,333.01582308096266,332.99565062327906
2.8669281795267083,335.5170597410685,332.8453227821491,332.88597131158554
2.869932685286258,335.0157148672144,332.8215664193232,332.86678317110255
2.872936605592394,334.5144676846583,332.97509345184596,332.9423358436654
2.8759391397570324,334.0134517996899,333.1289363504207,333.0724513114552
2.878940287955352,333.51266718307807,333.2827082352526,333.2485823361153
2.8819400521048655,333.45765,333.43640920462605,333.5119783675226
2.8849372345192092,333.45765,333.85724161931034,333.9399231670843
2.8879292179227214,333.45765,334.59648164183204,334.538986898175
2.890914602775987,333.45765,335.33470876387673,335.2348656183191
2.8938934298027075,333.45765,336.0713142640165,336.00903396891965
2.8968657420297874,333.45765,336.8063087820277,336.9308322330621
2.899829750695894,333.45765,337.95751507513154,338.1343490194762
2.90278127295601,333.55542087311505,339.66321630611634,339.64060485078227
2.9057180346606235,334.5411964148076,341.3632557639002,341.303977504826
2.9086402427981275,335.52208679660487,343.054870418755,343.0132117833141
2.911548111620039,336.4981639357841,344.73818429718136,344.70990373795
2.91444194594877,337.4695301513309,346.39033307252225,346.3685521740475
2.9173222386300988,338.43635087556913,347.98721771835005,347.9855925027603
2.920189379733589,339.39875704218514,349.57536979874175,349.5762504562346
2.9230435536706967,340.3568105521164,351.15633917296714,351.15528695810826
2.925884934808603,341.342513392437,352.73022242552923,352.73631453148136
2.928713643881758,342.80854729865337,354.3096067104161,354.3346951906574
2.931529554513962,344.26794816205916,355.94396712546444,355.96210247052585
2.934332561259742,345.72066133347175,357.5792909528973,357.6075441708364
2.937122806926101,347.1667608254188,359.2071697404159,359.24722691609526
2.939900464235459,348.6063361546792,360.8277042572962,360.83492336494385
2.9426657402559258,350.03949463835784,362.4309552060702,362.28789623290265
2.9454205212535203,351.4672138707813,363.58139338517805,363.5058889480958
2.948167514845033,352.89089712740724,364.48841725499074,364.52487537887146
2.950907689490531,354.3471915455093,365.393189591674,365.4456737457314
2.953641095720246,355.81378994574743,366.29572707993043,366.3303421169943
2.956367783443402,357.27678355762123,367.1960461990393,367.1955617230158
2.9590879365587157,358.7362710512666,368.0576920763917,368.028598724891
2.961802140869808,360.1925667373207,368.80727474321077,368.8177559282948
2.9645108672549254,361.6459232636612,369.547851505209,369.5814291613088
2.9672141761554593,363.0963730598794,370.2869471049547,370.32798149739045
2.969912099947197,364.54393349707766,371.0245703942151,371.0373499116495
2.9726046890508346,365.8698585063643,371.75565359376924,371.6530727041133
2.9752931746854627,366.61007316595084,372.15778177858346,372.0997540076527
2.977979466102264,367.3496836965135,372.3631364084289,372.40005401944495
2.9806642768714955,368.088886563735,372.56837784939756,372.62809437973425
2.983347609438802,368.8276824409689,372.7735062888167,372.82124799368916
2.986029466243101,369.56607199971705,372.97852191278304,372.9656371677305
2.988710105815775,370.3041264208394,373.112106794876,373.0043256819351
2.991391054573117,371.0422659690758,372.89251854903563,372.88725812062535
2.99407375564107,371.7808879770234,372.624856344031,372.67034566371854
2.9967583851214483,372.13778,372.35700173478097,372.4085307402166
2.9994449471788576,372.13778,372.0889543058704,372.11589331713645
3.002133445992916,372.13778,371.82071364003434,371.76222718915477
3.004824608224577,372.13778,371.3529118379434,371.2896913951379
3.0075200022131625,372.13778,370.6542980122124,370.6953032816776
3.0102204871963316,372.13778,369.954074297786,370.0375525200299
3.012926093192654,372.13778,369.2525227273754,369.33594928992954
3.015636849446609,372.13778,368.5496357182692,368.5389687320692
3.018353110905653,372.13778,367.7573604097795,367.51894054819167
3.0210780358627822,371.45275472201934,366.2110638201823,366.14336209633666
3.02381516341198,370.6991475942824,364.4860304563929,364.51031372512705
3.026565307235099,369.9419567253324,362.75279378218784,362.76416384774603
3.029328654816435,369.1811304955427,361.0112356385433,361.0193644428139
3.0321053981849033,368.41661603402724,359.26123500193313,359.38223863069334
3.034894382973479,367.6487311700439,357.8483641022978,357.9642180969081
3.0376929040645604,366.87822069749427,356.816312632233,356.76812917810986
3.0404995419620757,366.1054754430161,355.7815678484232,355.68822623380373
3.0433143665177917,365.0700996142159,354.74380482634473,354.6691983156171
3.0461374497917983,363.8042057308271,353.70299699905024,353.73679709331185
3.048968236583124,362.5348575265741,352.8154741800386,352.98542659534144
3.0518038990495313,361.2633230292988,352.4872396837783,352.4852253463555
3.054642001648454,359.99069435642673,352.2090290436642,352.1395580313846
3.0574823478448097,358.7170596359142,351.93059847057947,351.8638518131844
3.0603249429679034,357.44241647805643,351.65194744196873,351.6361287673084
3.0631696799359855,356.16681289919575,351.4008400658816,351.49262865801126
3.0660151625500376,355.1594696502167,351.4676322922944,351.48791411768144
3.0688597399475226,354.65948310777685,351.62453928140866,351.5852055016504
3.071703048562322,354.1597195771169,351.7813762845108,351.7326868210999
3.07454509009069,353.6601787600889,351.93814339502677,351.9150351031673
3.0773858611824774,353.16086124554306,352.09609098752156,352.15937263123925
3.080224468806338,352.66192400008356,352.4748970220573,352.51738919859247
3.0830593765487997,352.16363707649964,353.01584820599754,352.97943134325357
3.085889946792768,351.666112547666,353.55597171754505,353.4960399048114
3.088716199387103,351.29214328117524,354.095271344158,354.0524286219789
3.091538154029741,351.5394325519654,354.63375084463695,354.6858170877101
3.0943551126943225,351.78628402274563,355.3525457536921,355.4754810601723
3.0971647927860264,352.03249766861114,356.47403206544516,356.4566393128895
3.09996560260452,352.27793400808036,357.60695303069934,357.54504266195744
3.102757567173674,352.5225952340072,358.7362961134064,358.6799371698013
3.105540769771384,352.7664886440748,359.8620949993037,359.8551040979721
3.10831516252025,353.00961004276286,361.0182291933805,361.1137935246187
3.111079539114135,353.2518537208725,362.4751307437363,362.5101669679848
3.113832575530915,354.3393666096604,363.9986579632219,364.0056261473677
3.1165741367612534,355.56162473910695,365.51583482751175,365.53678980935445
3.1193043651148473,356.7788303821901,367.0267400907624,367.03890763699565
3.1220233999840112,357.9910456835694,368.5314508925628,368.4281879045369
3.1247324820419613,359.19882376710257,369.72793381603066,369.6004405393725
3.127434277344131,360.40335322850365,370.5214464992607,370.54320588388
3.1301303055289846,361.6053115614743,371.31140196077786,371.36336719675427
3.132820610121207,362.80471817043235,372.099680368943,372.138495548003
3.1355052274200017,364.01223915604464,372.88629235948474,372.90025422802523
3.1381842142942933,365.24159761987744,373.665397541745,373.6480840586116
3.140857870430742,366.4685098650489,374.3746254740539,374.3696141626048
3.1435265406711457,367.6931341357765,375.0629246271008,375.07068220169043
3.146190322430566,368.91551513479226,375.74996295100914,375.7611815581487
3.1488492424752947,370.13566514486115,376.43574734933566,376.44386876923915
3.1515033273282507,371.35359633706776,377.1202846626067,377.1118696645313
3.1541527049780314,372.5693674440122,377.77454978807003,377.75046901459746
3.156797778798306,373.78316356956293,378.34845019969185,378.3517706527285
3.159438862142509,374.5799041673878,378.9169847251591,378.931449731184
3.1620759886766505,375.07383501437755,379.4846674853346,379.5008993724423
3.164709176131664,375.56702807625743,380.05150229703355,380.0590029269711
3.1673384423366304,376.0594866923942,380.6174262585463,380.5906084217269
3.1699641019450615,376.55126979703823,381.09623374347416,381.07200465875724
3.1725867318258647,377.04248543709014,381.4972865220044,381.50462543145096
3.175206607531976,377.5331852233061,381.89791813198,381.91218572517676
3.1778237377221767,378.0233707774662,382.2981298974223,382.3100654667047
3.180438131009972,378.5130437128703,382.6979231355113,382.701304437481
3.1830498065647927,379.0063862169937,383.0941875390354,383.07877173918604
3.1856589523440495,379.50075529336465,383.44037094530444,383.43160714847386
3.1882658031897737,379.99468953616673,383.76898827455767,383.7638279923618
3.190870423724008,380.48820118969087,384.0973244525914,384.08615778649323
3.1934728196614612,380.9812913367338,384.4253802000158,384.41248728241453
3.196072996692478,381.4739610554763,384.7531562339201,384.76606857779035
3.1986708295115727,381.96618660360485,385.11949999161743,385.1832212556641
3.2012655133832446,382.45781550349665,385.6877296394949,385.6924353898532
3.2038562828448915,382.94870271877875,386.28415880702636,386.2602415995515
3.2064430582679906,383.4434402336389,386.8796684943132,386.8524451592515
3.2090258580679576,383.9385024452542,387.4742629409499,387.45651679245026
3.2116047005191284,384.43280612581833,388.06794635394664,388.08298422210913
3.2141794236311876,384.92632022558297,388.7151488928905,388.75890277299914
3.216749404458061,385.4189253403801,389.50156831854156,389.49889067488976
3.2193141834363,385.91053338266346,390.29352507608894,390.27504829989294
3.2218737686483885,386.4011459016555,391.0838780938089,391.0646813741637
3.2244281915199116,386.89076892090515,391.8726370752912,391.86138496372325
3.226977483160817,387.3794084034601,392.6598116268365,392.67497796546184
3.2295215055191036,388.06223298330417,393.4976941533111,393.5261283497355
3.2320598517259507,388.8026670414001,394.4179664364261,394.42205595676063
3.234592285477851,389.54137643995296,395.3372278365001,395.3434720162252
3.237118844278923,390.2783721188913,396.2543566573491,396.27046607509754
3.2396395688282618,391.0136659501168,397.1693676726143,397.1789033944295
3.2421544993572082,391.74726966908713,398.0822754859481,398.03011780767815
3.2446641698770184,392.47933904656395,398.83579495949505,398.77230260043353
3.2471697435611357,393.21021337953914,399.3849715534932,399.4004130728308
3.2496718791510553,393.9400848225098,399.93259813784965,399.9692252681736
3.252170593249163,394.67599793589704,400.47947588183496,400.51538718755404
3.254665899853153,395.41660106726874,401.0256078493672,401.044054984246
3.257157812865536,396.1561969859131,401.5709970827782,401.52998093232446
3.2596467551915254,396.8949112094414,401.98339061397826,401.9289596865123
3.2621336807950487,397.6330268728685,402.2224826713028,402.23420367272735
3.26461913129289,398.3707047272161,402.46068321357166,402.49042672945046
3.2671031116203606,399.10794623727713,402.69874285774483,402.72815295257936
3.269585624383244,399.8447521764439,402.9366618534903,402.9522760317588
3.2720666721796334,400.5811233158265,403.1744404497116,403.1428153312138
3.2745465687918243,401.2116003223059,403.3108167814246,403.26395453453443
3.277026095358715,401.45975373308397,403.2947778095553,403.30837763694655
3.2795057252008846,401.70791747975153,403.27722214555104,403.31382835145536
3.281985462992231,401.9560920300769,403.25966571715026,403.30342495957626
3.2844653087468525,402.20427738547096,403.2421085243912,403.2694154439021
3.2869452624788527,402.4524735473452,403.22455056724,403.16667985714116
3.2894258860076,402.70073674312414,403.02440259897577,402.92138018572336
3.291908748078233,402.94922397433436,402.4979330867389,402.50997757680364
3.2943948819175075,403.19803864730653,401.96434014907203,402.0073729687857
3.296884320403932,403.44718405255344,401.4300379429727,401.47042385065464
3.2993770767505897,403.26689848754694,400.89502363247004,400.9181979314565
3.30187316425885,403.0170876417805,400.35929436275046,400.3359977244254
3.304372856540729,402.7669160267929,399.7396674204247,399.68766037074477
3.3068769363340422,402.5163053054283,398.9576913763987,398.95743637485367
3.3093859469093028,402.26520110664984,398.1700578502471,398.17922812688414
3.3118999305089627,402.013599202792,397.38086318240175,397.3829093412089
3.3144189168214737,401.7614966226061,396.5900980532697,396.5893625712898
3.3169429358318636,401.50889036516145,395.79775304969564,395.81826769124746
3.319471832671665,401.2557959298437,395.06160561399327,395.09229613721794
3.3220051317230066,400.69633931566864,394.4232782981991,394.4166002079101
3.3245425317808888,399.94324291244277,393.7856218832634,393.76702533393455
3.327084047326961,399.18892503870256,393.14693123352964,393.12730443358026
3.329629698451589,398.433379731659,392.5072013001522,392.4971364854412
3.3321795054091288,397.67660097985026,391.86642699326586,391.8929811316569
3.334733209293898,396.9186656260815,391.3101272718068,391.3420555629218
3.3372902121655623,396.15975113811714,390.8558596256617,390.8472091791801
3.3398501896463983,395.3999537907623,390.40127724168497,390.3811534584516
3.342413151440356,394.6392707038999,389.9461649248366,389.92643077602617
3.344979108008805,394.0109284198486,389.49052081754354,389.4828688308977
3.347548066986896,393.5099117186834,389.03521708047106,389.0672518938827
3.350119692254658,393.00837501869125,388.68322998360674,388.70524628890365
3.3526934118928438,392.5064298596425,388.40228925319155,388.39191995833636
3.355268994513435,392.00412136847854,388.1211451643328,388.10249109111544
3.357846444167849,391.5014487550633,387.83979727480255,387.8228833942388
3.36042576492221,390.998411226392,387.558245140632,387.5549463303795
3.3630069412436563,390.49501181179426,387.28237187168435,387.3152479544277
3.365589604120783,389.99132247850594,387.112193636148,387.1252513517439
3.3681732718737596,389.6136532009826,386.9811684054366,386.97451941547956
3.3707578147090578,389.36379959035906,386.85009879681934,386.8421800324691
3.3733432335164464,389.1138612975292,386.7189847650148,386.71452397462843
3.3759295291872027,388.8638382363312,386.58782626500147,386.5846498001894
3.378516711086256,388.6137295014362,386.45409266140433,386.449007334854
3.3811048445420404,388.3635287773964,386.303614777716,386.30626825744235
3.3836939967863398,388.1132295647631,386.15002655271115,386.16013727481663
3.3862841792561866,387.8628307578923,385.99637721481844,386.0121681536679
3.388875393182343,387.61233223780357,385.8426666910204,385.85564838043945
3.391467639798024,387.36249046835354,385.6888949082461,385.6703837438775
3.394061114931489,387.113218639408,385.47722304472705,385.42292632075726
3.396656606754144,386.863752976407,385.089837892533,385.0942078487675
3.399254752948626,386.6140321884921,384.6899935334055,384.7180426687534
3.4018556024541082,386.36405157187545,384.2897331452998,384.3212504064634
3.404459163726398,386.11381031382706,383.889055427163,383.9061902740378
3.4070654452654763,385.86330759737143,383.4879590707252,383.44822262067555
3.4096748970579656,385.61250017205015,382.9569186894135,382.90475102981225
3.4122885722986567,385.36128681005954,382.2497439496363,382.2694122536606
3.414907095246709,384.9606385712226,381.54028777849646,381.5860038894318
3.417530496310663,384.4606897319418,380.8295099426959,380.87801007544624
3.420158802855334,383.9598060415532,380.1174030279243,380.1300156827664
3.422792080135754,383.4579750642239,379.39312540029476,379.28393832628217
3.425431620282974,382.9549505549446,378.31614553444206,378.26301427191515
3.428079291356175,382.45037651248026,377.06676117350764,377.0956149988311
3.430735764613299,381.94412501333727,375.81322323354374,375.8552099238536
3.433401128432041,381.4361792151325,374.55549001092703,374.585300181261
3.436075472679002,380.9265219917378,373.2935190992557,373.2932666145879
3.438758990481652,380.0085928425299,371.9991079404723,371.9608533175988
3.441452353713898,378.999647608392,370.56965790071433,370.5692124234724
3.4441562070847596,377.9867727240553,369.11827108786986,369.1376808920696
3.446870734326531,376.96989936262685,367.6611547056484,367.6841566786263
3.4495960628583964,375.948979792342,366.1982403573428,366.20938358375207
3.452332323490375,374.92396501121607,364.72923603125645,364.6941587381393
3.455080084574373,373.89464211222594,363.1395556132236,363.1069285140575
3.4578402950647478,372.8606556130644,361.44682000539404,361.44906818961715
3.460613493487593,371.7529391840094,359.7461193760037,359.751297231206
3.4633998649317435,370.4816674125111,358.0373402169751,358.03934199659204
3.466199598924468,369.2042990271416,356.32036629829474,356.334175984725
3.469012752006247,367.9208082315133,354.62967884200776,354.65666966910084
3.4718389099189007,366.6313840294042,353.04839420465373,353.01678309745654
3.474677744180016,365.3361762897132,351.4696786588102,351.39570534835906
3.4775293877135045,364.035124366392,349.883839696958,349.80153835923693
3.480394015496237,362.72814842688376,348.2907800119755,348.30496613347776
3.483271424845272,361.3700988100786,346.7821758778656,347.0529952932955
3.4861577492925155,359.589215494555,346.14121089515595,346.1972981471728
3.4890485194300576,357.8055891555691,345.71620410678196,345.6257549255141
3.4919428477229593,356.0197674086762,345.2906741912954,345.18819563012346
3.4948407473425283,354.2317421270827,344.86461921231484,344.8202603131572
3.49774218054398,352.4415365995974,344.4501380978744,344.5465867799009
3.500645598681292,350.65010635215367,344.393121507065,344.4355687468834
3.5035487967977303,348.85881185920016,344.502355160775,344.45896008267306
3.506451074669476,347.1960673662249,344.61155419000966,344.55137277641234
3.5093524331710624,346.94618692814447,344.72071862764363,344.68904047796775
3.512252871340184,346.69638575399483,344.83028500599966,344.9008709280254
3.5151513337415317,346.4467547434829,345.190929487318,345.2484904677902
3.5180458837243638,346.19746069127933,345.7632374748763,345.7255277995207
3.5209356505398812,345.9485785909057,346.33459973856554,346.2713382696704
3.5238206578222435,345.70010640686235,346.90502095138584,346.86241685120604
3.526700929011618,345.4520421203573,347.4745057479019,347.53048860843603
3.529575678097529,345.2421657345027,348.23922670890715,348.3491548450125
3.5324427215307823,345.7374444007718,349.34526209737334,349.342766407646
3.53530069068925,346.23115549584156,350.454109602165,350.43109472402267
3.5381496455326547,346.7233093776895,351.55945969311193,351.545098237352
3.540989670823655,347.21392068897376,352.661345256871,352.6370645544372
3.5438210032309896,347.70303031396395,353.721451531572,353.6689131797836
3.546644533187723,348.1907920740134,354.6128669034431,354.6201543395758
3.5494610585589315,348.6773437994549,355.4829921569747,355.5211372851563
3.5522707066175796,349.1627074765562,356.35099276304345,356.39348450937473
3.5550735274977674,350.080203244157,357.2168842100182,357.22565129514504
3.5578696262108513,351.063151155317,358.06645399698095,357.9682924003811
3.5606603511261667,352.044209947446,358.5936048786242,358.5577285128428
3.5634474937461746,353.0240094100409,358.98740011390487,359.0257309888246
3.5662315823236366,354.0027352464697,359.3807638437444,359.4339644782341
3.5690126268761206,354.98039097833475,359.77369748342574,359.80749518293
3.5717906373665493,355.9569801080281,360.16620244064205,360.1254015277237
3.574566192296509,356.9327060035223,360.41050396962504,360.33420421007946
3.577340832945163,357.52219293660715,360.40355934186346,360.41697463437583
3.580115543042489,357.76959263729617,360.39246270076495,360.4303454024963
3.5828903385769797,358.01699995576445,360.3813657178903,360.4136921180305
3.585665219556529,358.26441489271576,360.3702683933656,360.37308185210213
3.5884402744753476,358.51184533850284,360.33619075043754,360.28632489174134
3.59121624387818,358.75935732184286,360.13290274481835,360.12666411938636
3.5939939130216647,359.0070208580708,359.8953347490208,359.91686575950195
3.5967734169252585,359.25484798584023,359.6576098301604,359.6831011771634
3.599554759229567,359.4614,359.41972767693164,359.43193599912195
3.602337944816238,359.4614,359.18137087086245,359.1478184383929
3.6051234294975094,359.4614,358.8267019950524,358.8021822772548
3.607912036065419,359.4614,358.3776562792762,358.3987825908948
3.6107041411376435,359.4614,357.9280472038881,357.96465156021264
3.6134997579147,359.4614,357.4778726433382,357.50690351834214
3.616298899680328,359.4614,357.0271304582701,357.00106416075477
3.6191019510641143,359.4614,356.4814343251284,356.394682113799
3.621910430383175,359.4614,355.64869291772175,355.6556001677059
3.6247255791355797,359.0318836060462,354.7943664179814,354.8364974192833
3.6275475230423257,358.53011111061744,353.93797776056874,353.9786835943517
3.630376311548604,358.02712157051985,353.0795119402389,353.0860987258066
3.6332120827751897,357.5228904263687,352.19710276821917,352.12684879144746
3.6360559204299125,357.0172249830573,351.0796984257605,351.05949816920713
3.6389090948286724,356.509899364523,349.89592530198723,349.9115038666916
3.6417719550658374,356.00085149796826,348.7081335541871,348.7250556068536
3.644644600460717,355.4900637233336,347.5162819750974,347.52643672755255
3.647527131196739,354.6345973830107,346.32053133704125,346.3275818456976
3.6504195925112946,353.62363108082855,345.13414009661227,345.13266808187495
3.653321996600301,352.6091896034143,343.95181298159633,343.9396903217864
3.6562344122347916,351.5912489140776,342.7654075503426,342.7476082507555
3.6591569437377442,350.5697725500954,341.57488130569607,341.5655770824836
3.662089697256634,349.54472341105134,340.38019100724824,340.4184086419567
3.66503222746004,348.51625714813986,339.308659228964,339.3422608108853
3.66798350939931,347.4847319990131,338.36427248489406,338.33750357214245
3.6709430516009345,346.2832634227357,337.41724758487663,337.37205019887546
3.6739109237921808,345.0198611926378,336.4675571688005,336.43942329657534
3.676887196709376,343.7528828328368,335.51517860159595,335.57285257823656
3.6798710425266066,342.4826807429772,334.76158856273605,334.83494928814264
3.682860455497189,341.21010875525576,334.26644976399035,334.23517337925483
3.685854298535442,339.9356509190161,333.77161095636046,333.71226383831805
3.6888525867518234,338.6593008018431,333.2760374253136,333.23763739754935
3.691855340005617,337.3810499497795,332.7797258883067,332.8350902659582
3.694861654291448,336.84972601201105,332.4868422368205,332.56642040627924
3.6978693991025158,336.34784065595966,332.4631878227264,332.442179217765
3.7008773522188365,335.84592054118934,332.44079336531564,332.39677550747837
3.703885507975801,335.3439666129217,332.4183973993555,332.38918271860587
3.7068938664143687,334.84197886432173,332.3959999242991,332.41736982360004
3.70990197664114,334.34003253341973,332.4732622486293,332.5062556798095
3.712908821958739,333.8382972707532,332.67574745862987,332.6597671203249
3.7159138364540265,333.45765,332.8785081894738,332.8493765031562
3.7189170216682013,333.45765,333.08114549123985,333.0629226991047
3.721918380937889,333.45765,333.2836595889797,333.31395595224535
3.7249174302790875,333.45765,333.5944764196231,333.6343657664829
3.727913092106981,333.45765,334.0379191017601,334.0279119379288
3.7309047808822227,333.45765,334.4811112021969,334.4604938357782
3.7338925108634866,333.45765,334.92371684256335,334.90994519110177
3.7368762977249204,333.45765,335.36573834471176,335.37233921985967
3.7398560083887116,333.5779451939911,335.8407065610892,335.8561191403464
3.742831316939542,333.82546472575854,336.3588836012977,336.36329138848816
3.7458020480704466,334.07260345640316,336.8764560941378,336.88155068718794
3.748768221995193,334.3193630675329,337.39323461266207,337.39623468938885
3.75172985962245,334.56574529856533,337.90922279950695,337.8883272413755
3.7546872489826786,334.8117741111042,338.3632113315119,338.3342320161978
3.7576410992367344,335.0575085011025,338.7193694952347,338.72865032117807
3.7605918521860073,335.3029852225543,339.07391975646124,339.0941013057341
3.7635395229190447,335.709826662412,339.4280996713214,339.442943516736
3.7664841210743356,336.2040207773609,339.7819103979189,339.76976641891684
3.769425870222695,336.69773674134143,340.08584815338963,340.0551193886222
3.7723654507529485,337.1910887445204,340.2833909330874,340.2901072892644
3.7753033411027923,337.68415708345464,340.47726520159836,340.49602098674075
3.7782395595128877,338.1769448194879,340.6710291371471,340.68623769280896
3.7811741088344704,338.66945243114543,340.86468292789294,340.8575713252683
3.784107142524717,339.1617056732601,341.02319129639704,340.9927916645079
3.7870392796116827,339.4716928078542,341.0731607549618,341.08026098591887
3.7899710202938226,339.7198516518906,341.11541747019305,341.1387400596148
3.7929023978425978,339.9679797582985,341.15766895143395,341.1791817205054
3.795833412392912,340.2160771384968,341.19991520051934,341.1920775140815
3.7987642314467984,340.4641579707898,341.2031821157291,341.1479547070609
3.8016958085697343,340.7123029702651,341.02350163200856,341.0218067886395
3.804629031574177,340.96058728630913,340.8203862855896,340.84290140370075
3.807564003705793,341.2090196582095,340.6171498182845,340.6389298114415
3.8105007280974177,341.25185,340.4137920131485,340.4170766679263
3.813439272140725,341.25185,340.19544044105544,340.16532661335134
3.816380172538662,341.25185,339.86855067540034,339.86754624968046
3.819323998335001,341.25185,339.5196556308324,339.5379440294873
3.8222708523636704,341.25185,339.170401687602,339.1905502881606
3.8252207439891275,341.25185,338.82078773576615,338.8230213799179
3.828173743773088,341.25185,338.456802500587,338.4149172626991
3.8311306021571934,341.25185,337.9371672437393,337.941390586559
3.8340922032855866,340.77882915502937,337.37368851943916,337.4201249381378
3.8370587591516436,340.27806507069886,336.8092670991329,336.8650356793369
3.84003029470668,339.7764603989988,336.24389823571767,336.24960094566154
3.8430069804268396,339.2739863630127,335.6448323781897,335.49674420527714
3.845991180950577,338.7702438042338,334.5531956233251,334.51445425713445
3.848985893216894,338.2647268298075,333.2929757742307,333.3555042074719
3.8519919720647473,337.7572911401936,332.02797269717706,332.1028525547517
3.855009547914311,337.1664838921431,330.7581315092567,330.780543213333
3.8580388818105247,336.16131385409494,329.45558324507556,329.3462342537321
3.861082030918471,335.15155975982225,327.7627122645333,327.7317251290123
3.864141559941413,334.1363706094139,325.9377666239632,325.97730674043584
3.867218316729922,333.1154650756805,324.1025449783701,324.14727623729885
3.870312595634215,332.0887454896199,322.2568717539355,322.2677650647656
3.873424806507687,331.0560758568629,320.3785943689482,320.3252167518021
3.8765561704955376,330.0170509864961,318.32729779171575,318.294316880722
3.8797080087231715,328.51485172249977,316.2299682529436,316.2009198909692
3.8828808918364923,326.7299792584031,314.1186348037773,314.095618535069
3.886075247121802,324.9330278468133,311.99301311464876,312.0524542095508
3.889290607338884,323.12426032886515,310.0274869782195,310.17152385294526
3.8925240036356574,321.3053468014823,308.5208388555335,308.5055853694828
3.895773129152536,319.477584964583,307.03299991384733,306.96777854955303
3.8990380767083046,317.64092260392226,305.53791574711823,305.49437822063953
3.902319066385035,315.92959486326185,304.03794611121424,304.08100147326724
3.905615142139747,314.3988955793752,302.74697084961304,302.76458632421566
3.908924565687558,312.8619975734755,301.5900987609701,301.53642322302375
3.9122467330484665,311.3191813341873,300.42877182953123,300.3691251270385
3.9155817925887417,309.7703779601384,299.2629381909799,299.2847774087643
3.9189291840474043,308.21584763681744,298.21905032175977,298.36192851118193
3.922285445927248,306.6571978853158,297.6824892812886,297.665610808181
3.9256474627756566,305.2281192587707,297.198920223114,297.1184745586965
3.929014958861293,303.9656678903216,296.7145630696169,296.66629174727166
3.9323879242847695,302.7011661043323,296.2358684937207,296.32876504332177
3.9357642346784107,301.4354103117889,296.1267506634861,296.17511352712575
3.9391405653998706,300.16964689848487,296.23230077321375,296.18166888349106
3.942515693533997,298.9043343269889,296.33781328785903,296.2806263995731
3.9458896203648948,297.63947211589925,296.4432882476565,296.45393084978554
3.94926175488433,297.07699,296.65293563335274,296.7367149680684
3.9526298159826663,297.07699,297.16095474253535,297.15612813087574
3.95599202433476,297.07699,297.6866431868269,297.6561219789928
3.959348305761207,297.07699,298.211404943686,298.19080057755264
3.9626986825503216,297.07699,298.7368415997796,298.7422461017431
3.966042961979791,297.07699,299.29984005073527,299.3106334222984
3.9693808711778535,297.07699,299.8781916780291,299.8897518085322
3.972712355167383,297.38952474296445,300.45543002465314,300.4642936214416
3.9760374509103253,297.88383129947556,301.0315614949383,301.0093567883559
3.979356548240889,298.3772461359292,301.5423427587141,301.490111182208
3.982670938767188,298.86996126194197,301.88704697834186,301.88959458454144
3.9859815947928627,299.36212121953656,302.2230155194376,302.2411106433675
3.989288574582198,299.8537346702434,302.5586109925258,302.57200175524025
3.9925918953972976,300.34480418023554,302.89290936572894,302.8931090296752
3.995891737967085,300.8389171545616,303.1967632098084,303.2037122922609
3.999188355563969,301.3346832936569,303.4858122531166,303.50492568915655
4.002481836346132,301.82997769877704,303.7745862590355,303.79284559406733
4.0057721892508535,302.3248017139665,304.06308601104786,304.0469757864071
4.009059762976807,302.8192077787303,304.2883734533602,304.2288610316976
4.012346087122283,303.31342592370356,304.29432005367954,304.3120310114385
4.015632448380558,303.8076496499334,304.2815009553997,304.32968790210373
4.018918948096028,304.02083,304.2686813171049,304.2961903749125
4.022205594652964,304.02083,304.2543120952502,304.18223215593656
4.0254938073823805,304.02083,303.9789667243508,303.9286086141792
4.028786036370295,304.02083,303.5125492977975,303.54591015272086
4.032083332436345,304.02083,303.0454140068877,303.09121337637464
4.035385719049113,304.02083,302.57755752685915,302.587778160962
4.038693464373888,304.02083,302.0643494172132,302.0174231617199
4.042008125001252,303.88975726007993,301.31659856443673,301.3516337111819
4.04533121881668,303.63916135294687,300.53321355790973,300.61334697545954
4.048662997502937,303.3879105160392,299.74778118280216,299.7937856901251
4.0520035318261645,303.13599941285224,298.95987163269325,298.81214313860755
4.055355723777723,302.88320920299276,297.6674735661943,297.5348485893597
4.05872508983046,302.629123886915,295.9211361507883,295.9673977579685
4.062114458823949,302.373530140633,294.16443124083605,294.23776464816535
4.065524191313324,301.6649872653536,292.39717196136996,292.4217324995505
4.068954926330451,300.64494936922983,290.57398481282064,290.5288333589312
4.072408404075503,299.6181495272756,288.55938447646156,288.5468569302781
4.075886277399546,298.58409630814594,286.511978090906,286.5099476706511
4.07938918432753,297.5426000120751,284.44983454972527,284.460059395879
4.082917596644821,296.4935203662212,282.38486704057635,282.44094607204244
4.086470867357816,295.43704973694,280.48325906709084,280.49154168018947
4.090048015035963,292.98281714812765,278.62757770524377,278.5965519158274
4.093649148147665,290.4118345342081,276.759453658185,276.73490518556963
4.097274736608101,287.8233923389671,274.8815282044625,274.9149290994945
4.100924063311716,285.21800253068204,273.17011676367156,273.16973725085717
4.104595677509425,282.5967008529806,271.5542175877126,271.49654953933793
4.108289271829577,279.95970674989576,269.9286448296106,269.8905386620972
4.112005231127549,277.80098114575935,268.29533924516136,268.4006967966372
4.115741165023227,276.02350681894904,267.04894068885545,267.11889123828377
4.1194925360714585,274.2386878380016,266.09119091630737,266.03481616907857
4.12325745857921,272.44742137375806,265.1299813668281,265.0731135020593
4.1270360661547185,270.6496438583881,264.1672733564789,264.21610816595864
4.130826539218628,268.84622100731485,263.47226827845776,263.5022389605032
4.13462565637945,267.44845912161725,262.96631277376486,262.9184201576674
4.138432097293753,266.6944461259993,262.4593819127379,262.4216895667186
4.142245869559052,265.9389808724716,261.9562626862731,262.016205446624
4.146065056156701,265.1824431007974,261.71556412686897,261.74502341679545
4.149886655726011,264.42542734666347,261.62551934748,261.5904330306846
4.153709571044749,263.6681509574138,261.5354435663169,261.50775019617214
4.157533757607252,263.0651910097158,261.45160706679127,261.48755372991235
4.161357970739626,262.8155828728009,261.53180881656635,261.548201853337
4.165180482167608,262.5660858069086,261.6844608861073,261.6709760914192
4.169000765055216,262.31673419886374,261.83702395868534,261.82301111920486
4.172818819636699,262.0675280333769,261.9900004821161,261.9851644261569
4.17663458897743,261.8184710265972,262.150745332681,262.15047425615404
4.180448000399913,261.6815720777821,262.31409006683197,262.31538651743324
4.184259038662061,261.9303202849029,262.477333148355,262.4762642342228
4.188067727217499,262.1789151255942,262.6378496152423,262.6280399810836
4.1918742968891625,262.42737166577416,262.7696165030193,262.7658639283531
4.195679015550821,262.6757073896862,262.89345844688324,262.8942137316477
4.199481942756516,262.9239261844496,263.0172420796583,263.0204141863105
4.2032830657707825,263.14115,263.1430813020105,263.1509767561188
4.207082244905196,263.14115,263.286465084722,263.2901058720848
4.210879327753025,263.14115,263.43371365683214,263.4347918005139
4.21467428937296,263.14115,263.5808799689929,263.57928138012807
4.218467163614745,263.14115,263.7237495350612,263.716947525817
4.222258188610681,263.14115,263.83808297202546,263.84218935477907
4.226047609627756,263.14230604703556,263.94705260522477,263.9564587728458
4.229835466840605,263.3909734897995,264.0559772691715,264.05736171893255
4.233621870762807,263.6395455260979,264.1497039167618,264.1336470475853
4.237407553080323,263.88807019007413,264.15664421276597,264.1720140934335
4.241193234732382,264.13659481036404,264.1497967814099,264.1768944933256
4.244979014521435,264.38512587320815,264.1429491725987,264.13845408771664
4.24876525595437,264.63368724231714,264.0853899792105,264.0208484847244
4.252554125547274,264.4485988536071,263.7767163437582,263.7889839990919
4.256347679722305,264.19955741337236,263.4335869513898,263.4730856970931
4.2601461815616215,263.9501911660089,263.0900100395291,263.08860671479016
4.263950095355973,263.7004696314887,262.6845730314124,262.61258787560155
4.267761742074283,263.4502404415007,262.023858519415,262.0202246866737
4.271583228397217,263.19936529545294,261.3336285226419,261.35819409521605
4.275414834800898,262.9489392882194,260.6415706551268,260.67206492285544
4.279256660843441,262.69818154861747,259.9451392010725,259.9855264621435
4.283108866655267,262.446746316736,259.2388812435881,259.29826902126774
4.286971600354844,262.194623924815,258.53011430627123,258.5785838518852
4.2908449530702555,261.94180842488294,257.81939890248515,257.74426010864187
4.294731207738687,261.6881508085874,256.8168667023461,256.66304229895354
4.298637341657936,260.86708774458793,255.2034327988929,255.26727823830123
4.302568477900303,259.8554313336615,253.56063179676204,253.64201081011512
4.306525251417071,258.83717731038905,251.90711711339284,251.8011929194131
4.310511404889068,257.81136251632984,249.83824185858228,249.67319058240275
4.314534379561625,256.77607198769715,247.31908956268924,247.2839267829889
4.318598760856009,255.73012569140747,244.7738908150608,244.81026708388782
4.322705519419542,253.30463274518115,242.24136766474243,242.45137232678087
4.326849858677608,250.7436863121693,240.35200385433498,240.38751127275617
4.331024925355393,248.16375222611396,238.68804161848115,238.5961363895882
4.3352293041053365,245.56570508464483,237.0123971306218,237.0310026699448
4.339461444255862,242.9505031072963,235.56617063058025,235.74318163116124
4.343713544158735,240.83302530540163,234.79094200307122,234.77364982841846
4.347979356232649,239.57103018040493,234.05412312623002,233.9865041527835
4.352258627851929,238.305053192086,233.3162993078136,233.2740728726897
4.356551041451008,237.0351882888399,232.62305652904467,232.59035136903913
4.36085606817144,235.76159192781188,231.95110616800318,231.92152904451265
4.3651736027241395,234.48429525765823,231.27720352109546,231.27932010593523
4.369503071651159,233.95050392878375,230.6740066001389,230.70195702610567
4.373841993551741,233.44734595189914,230.27034308822223,230.22539302323065
4.378188424068947,232.94331724711577,229.87769065721523,229.85334754153502
4.382542067051773,232.4384521572365,229.50800153774932,229.63485082126374
4.386898212742233,231.93329684380888,229.6134897291133,229.65146614019432
4.391250594406328,231.58534546227327,229.90521989938875,229.85927082212993
4.395597460254065,231.3354811735441,230.1965803570684,230.18445580041828
4.39993806548912,231.0859767541069,230.5689576211122,230.60174627110894
4.404270172989993,230.83696079701963,231.10071538511437,231.09667594417542
4.408592295615989,230.58851878533275,231.63550113832272,231.6203734798356
4.412904535125341,230.53321129205466,232.1612256941696,232.12977307839725
4.417207918487481,231.02937360194358,232.5897695597768,232.59338739298423
4.421503649603102,231.52465363944611,232.9890614262459,233.0100307099647
4.42579203134588,232.01908632464472,233.38767016217616,233.37385114929413
4.430074014417816,232.5127812695497,233.68582858679005,233.65700742924165
4.4343521265347245,233.00602990934408,233.8101338253682,233.84469209357547
4.438627993874659,233.08188,233.93125642609886,233.95299276914483
4.442901867008279,233.08188,234.02837260586966,233.96273033314137
4.447176680500168,233.08188,233.8283816694632,233.82988091925876
4.4514559671290055,233.08188,233.53941535411226,233.578386493203
4.45574055523761,233.08188,233.2500910469819,233.22802265752082
4.460031697871736,233.08188,232.82662128253392,232.7575369617017
4.464332902045596,233.08188,232.16039744057076,232.16473402652196
4.468646531298024,233.08188,231.4872872000725,231.51472961323918
4.472972675956094,233.08188,230.81907017819705,230.86413870639322
4.477310652734117,233.08188,230.22611528635497,230.24707438877192
4.481659626010222,233.04573070773506,229.65325770889615,229.65742136652537
4.486019474794068,232.2938896182103,229.07896758250985,229.07302846196922
4.490390624479021,231.54009972673805,228.46738006436993,228.4690828379775
4.49477398501232,230.7842041160128,227.80451588718745,227.82729742108864
4.4991701406662115,230.02610203027336,227.13940152197233,227.1293666055694
4.503579674139041,229.26569298517268,226.42444640277355,226.33337003750592
4.508005999359801,228.51227270281856,225.41986830089473,225.40059279625063
4.512452615163734,227.7586440938196,224.3628728608676,224.38046528431892
4.5169202705943885,227.00144961240903,223.30173970045388,223.33434501468855
4.521408620765545,226.24074771115716,222.29855009049763,222.3073300578451
4.52591692112612,225.47666457928756,221.32973075147765,221.31455040911933
4.53044504285697,224.57642474239094,220.35665186335603,220.36409859368217
4.534992427809428,223.56936893939235,219.45839860526053,219.4808701488302
4.539556854798622,222.5585390371764,218.7139672992851,218.683043001655
4.544136825348529,221.54426688558453,217.97132631150134,217.96397577894803
4.548731851883786,220.52666046219133,217.28296157954335,217.34946350623258
4.553338299653168,219.75750495436768,216.89142324261198,216.8762095044911
4.557952614933547,219.25535139845488,216.5426127417493,216.51215874094936
4.562574238531013,218.75240251383343,216.20600209085532,216.24407471354297
4.567200669556126,218.24893046017377,216.09270214216508,216.09146080946417
4.571828651469994,217.74528963081144,216.06110656165242,216.03257825986745
4.576457307938396,217.3583272197141,216.02972243036612,216.04788406069846
4.581085224136308,217.10868482377552,216.13024388673347,216.14805553945104
4.58570979232025,216.85922302882304,216.34267098639188,216.32453672837988
4.590329824083515,216.61000594074906,216.5548897079715,216.55096274425412
4.594944925590946,216.3610548040939,216.80517049316876,216.82049143075488
4.599553858768295,216.32862359604772,217.13497972050217,217.12992626323808
4.604155775620506,216.5768635165144,217.46678080070498,217.4598517373754
4.608750678177975,216.8247250668313,217.79841492624846,217.79674499352834
4.613338576448641,217.07220878685382,218.13129585066648,218.13333989638946
4.617919481350754,217.31931526554206,218.46391919780098,218.46355174161084
4.622493447001501,217.5665862776469,218.79365772029814,218.7790480402306
4.627061026744984,217.81440206733845,219.07517852321746,219.0706071960425
4.63162293860594,218.061910343891,219.3376575528964,219.34312341457132
4.636179397789208,218.30912278332568,219.59982285152918,219.60514784667754
4.640730520184537,218.55604567328515,219.85235767361786,219.859841148344
4.64527652763218,218.80309551369558,220.09426091372916,220.10633391404528
4.649817544159729,219.0508977295536,220.33589163994043,220.3380130630763
4.654353904392684,219.29844585249845,220.5463030782332,220.53715300420205
4.6588869569374225,219.54581347566656,220.65752311895784,220.68419901568018
4.663417801904371,219.79306063182807,220.76126853367685,220.77162618178525
4.667946790582057,220.0,220.83843581652022,220.76535444747728
4.6724772544503255,220.0,220.61757371394938,220.6163055623758
4.677013117399337,220.0,220.31306646253046,220.3493915947967
4.681555263284604,220.0,220.00765697988373,219.98711714095185
4.686105534354624,220.0,219.52712232222083,219.51348086573637
4.690667261711207,219.9870526835966,218.9041738391472,218.93528964055537
4.695242007850555,219.73740985066678,218.27944751397962,218.27404938954615
4.699830823841646,219.4869992291995,217.56400166221266,217.51824627734604
4.7044369250630025,219.23564535673643,216.64464248687486,216.66030063467994
4.709062739730539,218.9832157260998,215.71363758776198,215.73941417947663
4.713708758224983,218.72338113772537,214.76457158273882,214.7771326025445
4.71837622557985,217.96804340820836,213.73580692161084,213.77204691973844
4.7230663923205185,217.20903222985305,212.6908258779727,212.71638878609187
4.727779964949477,216.44623326913666,211.61848926882985,211.56996225130317
4.732520855061532,215.67901351142473,210.24767305170798,210.26577975501158
4.737293905298453,214.8855521028587,208.77675493432216,208.78974771552532
4.7421009879776665,213.8690590693426,207.28137631531084,207.10611242421658
4.746948834786881,212.8439461603367,205.28259764209932,205.1504116724753
4.751847321203756,211.80812513336377,203.01933156794328,203.02152782394364
4.756800924161267,210.76064930797634,200.74006412637775,200.93322244837842
4.761804083018617,209.2796061266813,199.01483246202068,199.1031580947737
4.766846616633211,206.96867290820455,197.61611253697725,197.56489117899832
4.771924955527243,204.6413305557544,196.21841330891712,196.27784618057018
4.77703368048067,202.30006263346104,195.2709957759518,195.2674447874268
4.782164109434458,199.94884802578326,194.56124779825132,194.4941985812022
4.787313059008595,198.44496586416108,193.86872776704254,193.9214084975158
4.792474834830399,197.18292945962594,193.59501864139153,193.58433766323105
4.797641655724486,195.91965955229944,193.49022924501872,193.45779545521705
4.802810764909015,194.65583016584378,193.42364466129231,193.52929692257067
4.807975655463302,193.74649,193.8066238814543,193.82828803250206
4.813128644353439,193.74649,194.318310748213,194.27748552706774
4.818268138608061,193.74649,194.82569856535193,194.78442470128982
4.823394581129845,193.74649,195.30899243986687,195.29550510003423
4.8285084318074425,193.74649,195.78631032929871,195.79296887613117
4.83360994273227,194.120719925804,196.25496676732874,196.26908399052053
4.838699866431513,194.61419920786454,196.6786888000272,196.70952284564564
4.843778939466002,195.10662649414502,197.09439053511588,197.08958988000316
4.848848221380387,195.59810450982638,197.43910762091096,197.35468714327922
4.85391304746093,196.04383266525147,197.44118407139874,197.4496586970713
4.858978406095357,196.29151604998572,197.39759610508762,197.40413647766462
4.864045658602196,196.53929204035026,197.2936366791576,197.23148978516645
4.869118869794593,196.78735939555472,196.93431592337714,196.93318032027506
4.874201725068197,197.03589832224077,196.5456954577244,196.57335715462747
4.879294357750321,196.98132466021903,196.17882840735265,196.21385644325397
4.884395486901985,196.73189218654116,195.8914397870074,195.89224188756174
4.889504018178725,196.4820977674365,195.61072001730972,195.6138955328024
4.894619392277463,196.23196875142844,195.36767847883735,195.3872176788126
4.899739707264873,195.9816908595996,195.23333757165975,195.21946723998926
4.904863459221792,195.73259310457775,195.10566220613424,195.09729444913629
4.909990041608561,195.48335774458846,195.0178061287404,195.0223370150258
4.915117758471335,195.23406723059708,195.01932999905281,195.00366645888948
4.92024539134524,194.984780799832,195.0241948580511,195.04342028595738
4.925371729917802,194.86885,195.11783085783475,195.16177517304203
4.9304935906040654,194.86885,195.3654186017051,195.36251044655415
4.935608932564368,194.86885,195.6154451223572,195.60709284497273
4.940717844348273,194.86885,195.85750435456876,195.8634564657099
4.945820584962629,194.86885,196.08887271514368,196.1081920791613
4.950917312619923,195.11520388446397,196.31990950168358,196.31303505324482
4.956009754675124,195.3627794685662,196.41899761425853,196.4303091581308
4.961101492018744,195.6103207922136,196.3742458289106,196.42227570321742
4.9661943963514386,195.85791885052748,196.32899301235742,196.24399999661745
4.971294122806034,195.8895914249764,195.84949099450398,195.79514932495
4.976411402210611,195.6408083413655,194.98509606699204,195.05975281104952
4.981551528839058,195.39091451074296,194.1123342289452,194.07514762013616
4.986721238317889,195.13958247201052,192.7613186371031,192.7948613455363
4.991931798308544,194.88626443339507,191.08193215834027,191.22042813463432
4.997188984882962,194.1625417027459,189.3575032316165,189.32997036312997
5.002505002870031,193.39610790016843,186.88025845605458,186.9637154144236
5.0078971286021545,192.61870130769637,184.05253042980084,184.0116188338684
5.0133775179122955,191.82856936517965,180.91207046373887,180.2733347620067
5.018985190222997,190.22671191658674,175.81498031897536,175.53390106097692
5.024766934135709,188.07317913806037,170.19276702328102,170.18489220925662
5.030738477283075,185.84895162117505,164.81535245661422,164.83430089174607
5.036897107427388,183.55503959621683,160.0034726970228,160.0717815250834
5.043236725303386,177.57201763559988,155.5362005997578,156.4740834921784
5.049686841615472,169.98608917525053,154.53893470356905,154.64533048063555
5.056163140240486,162.36936791316202,154.2796552980414,154.26923374615143
5.062627370209458,155.53735261153017,155.11754711942245,155.0158549014092
5.069042974170623,155.28979650312684,156.62972891697024,156.56614746688723
5.075388678195884,155.04493759302548,158.5558972673029,158.69535688087998
5.08164051227097,154.80370080169922,161.3750676257311,161.24608677132127
5.087784953861961,155.9176685387706,164.14595733570073,163.90222492211845
5.093833183017056,158.80920916312834,166.54677410238136,166.46621269158828
5.099796969517495,161.66037939805392,168.82612838576435,168.96326962510952
5.105678124431264,164.47204507989682,171.26055798919376,171.48851756143023
5.111471695998321,167.3475813873779,173.9709207875185,174.01467691609773
5.117177056789697,170.27097189196093,176.59624639524247,176.30459826921518
5.122815039564241,173.1598383301739,178.14734136824546,178.0710072169275
5.128410875574573,176.02710903504112,179.26476751134032,179.31501967913306
5.133974800217719,177.8765631642314,180.19614458335653,180.08994613122456
5.13952262441498,178.36979388414278,180.30557882851065,180.38059162045712
5.145068632897543,178.86286317747755,180.31413666855477,180.29048614219175
5.150620089110754,179.35641680268986,179.95206076376695,179.83516200199347
5.156192185254859,179.66997246725785,178.98191296394296,179.04961343480755
5.16179479539486,179.42020270245922,177.9972746005784,178.090138431803
5.1674288873430285,179.1690294482824,176.9873804931706,177.0429310202293
5.1730954781480545,178.9164073637157,175.9615027930332,175.9136464959036
5.1787965887622605,178.59682466367394,174.85085322797505,174.6568903809939
5.184540932307314,177.83737395901892,173.32443000700928,173.26128326280553
5.190337312107303,177.07104362222356,171.725927815767,171.89830827149163
5.196179755857729,176.29862324235455,170.6002819905094,170.80043704228348
5.202050532456122,175.42455162801684,170.07097241973787,170.04146158544464
5.207939304177135,173.9073534682368,169.5591976752342,169.50930582160782
5.213842963891862,172.38631952779906,169.21406711504198,169.1364308255137
5.219757950774248,170.86236722700664,168.9103705588399,168.89447481314718
5.225680140790487,169.5931102901739,168.80256980676623,168.82613353008946
5.231600243375633,169.34399941020544,169.0295664090629,168.98459121099398
5.237511615302034,169.09525590597937,169.30158882417572,169.39338127281485
5.243403871717913,168.84731675971483,170.12896922524794,170.1325479477713
5.2492645573818635,168.86350125365777,171.13097153824992,171.18620337188884
5.255086896389807,169.60276027749023,172.37811650489263,172.54958338689752
5.260857660295377,170.33547084033762,174.20609139068316,174.18019656134126
5.266568181477831,171.0605324193965,176.0341799445893,175.8670182821888
5.2722250891843085,172.0093008884644,177.52213170593427,177.4253492877113
5.277837896990949,173.7209848843397,178.81042264632015,178.82538425382373
5.283410670853455,175.42046011343973,180.0817821399336,180.11888026917453
5.288945167450597,177.10826229318786,181.2920843018376,181.33666438601026
5.294443104801282,178.74825364621188,182.4846133424046,182.47841969650432
5.299907046618764,179.7311066532178,183.55462303170992,183.50233965699144
5.30534352238685,180.70901907151665,184.33240986294186,184.37204104065214
5.310757352296216,181.6828579562599,185.09339775677694,185.10676774856634
5.3161518794592695,182.65322466598911,185.65356584213725,185.6822411658108
5.321533293872061,183.44547423887764,185.99625463805054,186.06764333581123
5.326905063658352,184.18497168549118,186.32080273488947,186.2119568472748
5.33227672434844,184.9244541135231,186.0038032248556,185.9847585347539
5.337662265502427,185.6658473769072,185.36202906676152,185.36970552118146
5.343068038786938,185.8408101147861,184.614302486452,184.35938267627262
5.3485097417438645,185.3399531498643,182.92546300342912,182.9113019652945
5.354005587177486,184.83411288527225,180.99601989623233,181.2372467053222
5.359558312964953,184.32303732547643,179.1964335810885,179.5617919514564
5.365159842520521,183.62731644232986,177.85394965524173,177.90340568293126
5.3708034217263645,182.35467231803818,176.53598426849229,175.944265792291
5.376510753836611,181.06765172161158,173.9101183036125,173.29445813380698
5.3823271899357845,179.75602784677199,169.98778941453062,170.0991666237403
5.388275800154422,177.95074592189303,166.26638162374465,167.07120122145832
5.3943200079141995,174.33730143139792,164.63695192956033,164.8309106199096
5.40041639159441,170.69266430164907,163.4308236574138,163.22435750428488
5.4065580233508665,167.0209762467316,162.22003390738962,161.96348121388417
5.412745755429736,164.50945261310267,161.0047355014336,160.96042784082076
5.418975330876272,163.74983073888552,160.0472855674427,160.35881878933924
5.425217882086936,162.9886266261433,160.33480554621698,160.35208117713614
5.431446003497697,162.22918205411804,160.78995840466393,160.81940569704207
5.43764746283629,161.98238,161.71744381363766,161.65680546239602
5.4438085575951245,161.98238,162.90453059675664,162.7265100221266
5.44992468393487,161.98238,164.10423414638962,163.93652994817884
5.455995375429083,161.98238,165.35225396267626,165.3500621321826
5.462019389296556,162.8513688276936,166.65742462098095,167.1799864234661
5.467970596003669,163.82174870651374,169.43177395514388,169.6768602622787
5.47381548787714,164.77479331528468,172.78011480587855,172.59296873404867
5.479553067312562,165.71033998863595,175.82554205323072,175.46905219013507
5.485204882450029,168.71629592087402,178.05714646820317,178.02185669813076
5.4907875960442665,171.82429259639412,180.20444382948452,180.30237460453392
5.496306058840075,174.89651970133764,182.22660557890555,182.3710321171106
5.501765433429056,177.93585134294017,184.12556621794968,184.2012383453906
5.507169817693251,179.79189685448773,185.9533715635515,185.6393361509478
5.512539295966745,181.2491205343547,186.52316682613497,186.43903538047522
5.5179000107637695,182.70396589275765,186.56141176899587,186.66723536144772
5.523260947106356,184.1588713764504,186.5077525647448,186.4541456849847
5.5286336374108895,184.99721,185.7467873830429,185.81037851721175
5.534030602689886,184.99721,184.83409062015838,184.81709437667666
5.5394576799882955,184.99721,183.69193196275737,183.48480233543413
5.544929978313528,184.99721,181.7950634950135,181.82665385970523
5.550460907605435,184.7951439443109,179.81862597717586,180.06438945515524
5.5560484037277345,183.52784832833117,178.13140966781478,178.39202264782338
5.561683065515231,182.24985510479678,176.81932286977622,176.78702382023948
5.567360829509283,180.96208590357742,175.43744254061863,174.98759681776912
5.573101289554037,179.67566730474596,172.9839662284638,172.74532126103045
5.57893103198147,178.64503060570496,170.1084639176848,170.23452809179417
5.584855031478887,177.59773025527966,167.52111544862998,167.83581506439032
5.59085491476782,176.53701445445142,165.82730851515964,165.81132122387223
5.596915465663482,175.1302206797036,164.18387938802096,164.11949368781515
5.603030650700282,171.7842716410414,162.87604904456518,162.7597982566371
5.60919235814413,168.41286767301835,161.71347026497597,161.7828626230405
5.615388029166275,165.0228803912496,161.09375495799677,161.35606593344164
5.6215851809364175,162.82555411577573,161.63606052594082,161.592000994944
5.627759696360641,162.5760340232555,162.27726707163248,162.3434829219128
5.633897166967371,162.3280109593526,163.59520417354966,163.54023904228276
5.63998219430241,162.0821071953632,165.0871664721365,165.03587836748187
5.646009464431922,162.8580343100698,166.74630984915484,166.74046781476758
5.651972817699738,164.32506287330034,168.6462270640494,168.6092816894865
5.6578692867340195,165.7756374254036,170.55050682711536,170.59461298345076
5.663696611883118,167.20920207553036,172.67326295190685,172.68952647523022
5.669452132417426,169.15220154344502,174.83261688056305,174.8409126019354
5.675137629585754,171.34323838415025,176.9523831996242,176.9846384651242
5.680756270986212,173.5085108200767,179.01753443376478,179.0531273238645
5.686310890748162,175.64911104802854,181.0546401183434,180.95093603287134
5.691811000444275,177.42665692840364,182.58087688839862,182.5398836747629
5.697270656086026,178.89133769867544,183.74630081809124,183.78495338527583
5.702696769880319,180.34702008110116,184.84489409110748,184.68561636195366
5.708101803137226,181.79704711458885,185.1808863164281,185.1826641408764
5.713500391399567,182.99957518403096,185.28636640675953,185.38020902644115
5.718896788225746,183.4934012703377,185.33130568568507,185.3740419876495
5.724296088047696,183.9874930107627,185.08725489141165,185.17056278646263
5.729703067809181,184.4822875450343,184.80522684782616,184.75114993435068
5.735123240982376,184.9782894128433,184.18770704859608,184.01273998658155
5.740572533203423,184.7566450073968,182.83740192165777,182.89718049520235
5.7460627638118,184.50471388279618,181.45129533636396,181.52185624028164
5.751597805195617,184.2507265186938,179.8896984679824,179.9339328125337
5.757183514074283,183.99441416683254,178.1751242670423,178.12041619056473
5.762824624654971,182.9677692538387,176.37414015421717,176.02566329117363
5.768536540339141,181.67971504767434,173.79015259148957,173.61831485578762
5.774338297110589,180.3714014054899,170.95631418836552,171.19283390765952
5.780226451495253,179.04360484106746,168.72337139659297,169.20432549136913
5.78616788550533,176.79595218492614,167.89772522911184,167.90228656810973
5.7921374828052885,174.2175052057628,167.13498560315,167.0793681101276
5.79812909100984,171.62955106093887,166.66587084068794,166.56619341084658
5.804135482421516,169.03521160839045,166.3131355695086,166.2394916476285
5.81015246667657,168.23540308817752,166.07945575305922,166.0627432861864
5.81617282416968,167.73311029871144,166.12673678638734,166.06143372444194
5.822190796707611,167.23101649174617,166.2111255667327,166.26386612880708
5.828196952877393,166.72990855256796,166.78152595432738,166.76724953715942
5.834179329604695,166.72882,167.53546253807193,167.6080944773908
5.84012878978862,166.72882,168.63307370885303,168.8497251447005
5.846025763296352,166.72882,170.53461371551037,170.5030712968367
5.851857140303681,166.87387294731366,172.44822846561772,172.36652020776472
5.85762474068714,168.83249737899678,174.32660861242053,174.28349588792304
5.863330956374281,170.77027612825668,176.17816047742846,176.1716650912859
5.868978286736455,172.68805795878438,177.98065068362442,177.9829869319255
5.874571086358895,174.5873216479672,179.62960883846046,179.671838262437
5.8801132590978655,176.06293066795342,181.24694009282936,181.1938330908978
5.885610851446468,177.52084622715256,182.55336828095213,182.45727892604577
5.891076477658093,178.97028463389825,183.3717657512652,183.41820428545728
5.896517984065528,180.41332667009056,184.17527152609753,184.12806019484123
5.901941680801025,181.32595526538807,184.57734783054434,184.577529077098
5.907357306340339,182.0629281423969,184.72446280278075,184.80916666445907
5.912768993346182,182.79936505318688,184.84610077531335,184.86909669564426
5.918181519317345,183.53591613263222,184.6672243034872,184.72105676438372
5.923600574325757,184.04691314143383,184.4010057696025,184.319642176334
5.929030717386848,184.2960870187634,183.9140594797739,183.55977900896144
5.9344897163801935,184.54658501305323,182.45925145123468,182.3877121320092
5.939994331667345,184.7991762098,180.87909714979628,181.08867659478358
5.945540899544597,184.77322339010448,179.7080512285497,180.00497666323375
5.951112505101845,183.75935914267734,179.255475283598,179.29187576986746
5.956697923761137,182.74298132709373,178.8202709380634,178.8323099056341
5.962292546581023,181.72492863175444,178.66591486204072,178.5037110154391
