0.3606911498744521,266.1987,266.2181266014125,266.2181266014125
0.3644445722242821,266.1987,266.62923351613097,266.62923351613097
0.36819187307915424,266.1987,267.0886501986311,267.088650198601
0.3719329185441199,266.2535449008898,267.5216159730071,267.521615971761
0.3756682371832548,266.7496795101793,267.90821904485745,267.907842680393
0.3793998228175808,267.24531829218836,268.0570113235144,268.042315560229
0.3831299968097073,267.7407695762571,268.1110131466019,267.955825999057
0.3868617822060299,267.74077,267.82563772308384,267.824758944518
0.39059820926365846,267.74077,267.44535208738364,267.445352087376
0.3943416234634587,267.74077,266.8269919140651,266.826991914065
0.3980935471352125,267.2953432617746,266.2335534761624,266.233557414807
0.4018509396150467,266.79627674830533,266.05053640182444,266.057058833439
0.4056102975671054,266.2969491757703,265.95521822624426,265.984642233642
0.409370257665787,266.1987,265.96532035145555,265.982995029496
0.4131298055000322,266.1987,266.0135517411461,266.039436921082
0.4168878182097547,266.1987,266.1826797431137,266.184245693789
0.42064316990399864,266.1987,266.39068966019346,266.390766895987
0.42439480737498125,266.1987,266.7100518768521,266.710052084783
0.4281416727798184,266.1987,267.06970583656647,267.069705837963
0.43188257627075255,266.505862316093,267.56095047783907,267.560950477839
0.4356163559335881,267.0017925146002,268.08981905828534,268.089819058285
0.4393420736972156,267.4966519109617,268.7202361340097,268.720236134010
0.4430585169357886,267.9917259476811,269.42964187646186,269.429641876462
0.4467624320808117,268.48654157464773,270.5418225003455,270.541822500346
0.4504506667442132,268.97926240542137,271.72560725688123,271.725607256881
0.4541226843121551,269.83210141542787,272.93678964023985,272.936789640240
0.4577783333346634,271.3142419614925,274.16443863717376,274.164438637174
0.46141678170091005,272.78940870074257,275.5237882338613,275.523788233861
0.4650372027957983,274.17365461783044,276.9015756747739,276.901575674774
0.468640294556542,275.16169934389393,278.18021106902876,278.180211069029
0.4722271216892322,276.14528396151815,279.41840969295475,279.418409692955
0.47579906312191766,277.12478660222916,280.5032872150799,280.503287215080
0.4793576057537416,278.5796484504118,281.52640714975854,281.526407149759
0.48290228954554404,280.0589112496493,282.7012613554677,282.701261355468
0.4864317392663505,281.53181658632354,283.96211678268645,283.962116782686
0.4899457542309207,282.68415965673785,285.19007237088357,285.190072370884
0.49344485642066727,283.6718046072805,286.3876270190075,286.387627019007
0.4969290896718969,284.65525270067235,287.6294425157651,287.629442515765
0.5003978786553707,285.638172107911,288.94364981790864,288.943649817909
0.5038503643605422,286.6239831597197,290.35254454462034,290.352544544620
0.5072845580614986,287.6045711747212,292.0306228643923,292.030622864392
0.5106989601324343,288.5795079548519,293.7283944353386,293.728394435339
0.5140933278952746,290.5101764726326,295.4882080838578,295.488208083858
0.5174675847513837,292.4708405876177,297.2400744854451,297.240074485445
0.5208227761432704,294.420426419849,298.8554844685867,298.855484468587
0.5241601675025168,296.12645309219806,300.41903846924083,300.419038469241
0.5274813606373069,297.6033713736398,301.7772484635022,301.777248463502
0.5307885188865226,299.0740484103718,302.9739247633034,302.973924763303
0.5340828548150709,300.539201065615,304.1309082253742,304.130908225374
0.5373651011440009,302.02431151374753,305.20979001665717,305.209790016657
0.5406359776345973,303.5042774772769,306.2488759979786,306.248875997979
0.5438968382126486,304.97971156389104,307.0872938258638,307.087293825864
0.5471490086587825,306.0076677397067,307.8876654457298,307.887665445730
0.5503933701123376,306.50267178721725,308.5672083225488,308.567208322549
0.5536309015815442,306.9966337591314,309.18802862898997,309.188028628990
0.5568624585256858,307.4896841759887,309.70913223093163,309.709132230595
0.5600893726577727,307.9845065037267,310.078264508758,310.078264346610
0.5633126920860165,308.4791458312842,310.4002773153645,310.397035142026
0.5665337800826864,308.9734427311556,310.5079568647029,310.502282221174
0.5697539266801424,309.46836384614534,310.58178788224706,310.529358856635
0.5729741083750599,309.96538682547566,310.50118915530766,310.477407553251
0.5761954752127089,310.46259272714605,310.3533158585478,310.350363726554
0.5794186900474645,310.96008386024585,310.1452631642811,310.145157200129
0.5826445190408451,310.79598152106524,309.85054443454186,309.850544929379
0.5858733910330822,310.2976172269042,309.5609534414115,309.560960066926
0.5891051450425102,309.7988081041881,309.2981412972732,309.298147176863
0.5923395979514546,309.33502,309.04455611560263,309.047089221725
0.5955760357308226,309.33502,308.918840406901,308.926194790734
0.5988135251543292,309.33502,308.84380461841903,308.880415333829
0.6020511853528212,309.33502,308.8862494416016,308.929488830498
0.6052876339449823,309.33502,309.0751146470825,309.076527563996
0.6085218648492727,309.33502,309.31001237930343,309.310018909280
0.6117527454626616,309.33502,309.71653234794445,309.716532348210
0.6149791845871293,309.33502,310.1622122083756,310.162212208376
0.6181991197723529,309.7778578869307,310.96935168416655,310.969351684167
0.6214100817125272,310.2734578316606,311.89833912905084,311.898339129051
0.6246100479781791,310.76736063522634,313.1106009726847,313.110600972685
0.6277960305467566,311.3935313962529,314.6429646073137,314.642964607314
0.6309662440400816,312.3806747128872,316.2333832614741,316.233383261474
0.6341193188179497,313.3624813641976,318.073435105334,318.073435105334
0.6372541263312583,314.3385999417676,319.9296707971518,319.929670797152
0.6403708062468444,315.89587383707243,321.7841907196308,321.784190719631
0.6434696068583224,317.8594457931865,323.63209960901344,323.632099609013
0.6465505908543909,319.8117281534998,325.51663290226105,325.516632902261
0.6496133928232742,321.752489372842,327.48614495453995,327.486144954540
0.6526578647739878,323.7186346255444,329.4480856846288,329.448085684629
0.6556842361667594,325.6811387227428,331.4151926601785,331.415192660178
0.6586927276694494,327.6320482887391,333.3755804371193,333.375580437119
0.6616844694049179,329.5720961717054,335.1359574055273,335.135957405527
0.6646619847784174,331.0627890246717,336.5680778758617,336.568077875862
0.6676269451005621,332.53423422144425,337.9801612863298,337.980161286330
0.6705800612372306,333.99980140706833,339.2730166426883,339.273016642688
0.6735221163282107,335.4611120132761,340.5262172461132,340.526217246113
0.6764535932032743,336.941368962463,341.7258587152916,341.725858715292
0.6793752656372796,338.41667513338086,342.81531110473463,342.815311104735
0.6822877322778278,339.8873328147085,343.88951364651,343.889513646510
0.6851921248453018,341.32088146686897,344.72364319219565,344.723643192196
0.6880899640404802,342.3105771675374,345.44653514981894,345.446535149819
0.6909819360962862,343.29826907081735,346.123742569608,346.123742569608
0.693868948977084,344.2842672727377,346.63419390088916,346.634193900889
0.696751782425339,345.2431446208153,347.1280540341771,347.128054031992
0.6996311110731661,345.73911084043493,347.4784857777632,347.478457820631
0.7025080722856113,346.23466926778076,347.69953524143887,347.698941427269
0.7053834179592493,346.72994941752336,347.8690487798946,347.652669179435
0.7082591679390251,347.21683,347.6018055643097,347.580633642164
0.7111375428407886,347.21683,347.2349081711525,347.234908151057
0.7140191631848168,347.21683,346.81929689022786,346.819296890200
0.716904639060712,347.21683,346.307651941946,346.307651941946
0.7197943943886111,347.21683,345.792847797117,345.792847797117
0.722688437289259,346.7227398239295,345.2822883642226,345.282288364223
0.7255867561730933,346.22350252389,344.77328121375126,344.773281213751
0.7284894048605693,345.72351941237616,344.252968882401,344.252968882401
0.7313966136789827,345.2227508153626,343.6925665359335,343.692566535934
0.7343085867886547,344.72402031766734,343.1274276013789,343.127427601379
0.7372255614031611,344.2244664308436,342.5150135971413,342.515013597141
0.7401479239019848,343.72398982822426,341.8634007458538,341.863400745854
0.743075805518739,343.2226033471387,341.2249235413202,341.224923541320
0.7460087815612704,342.7232016512147,340.67675701858934,340.676757018589
0.7489464147175442,342.22300698239644,340.14386248001136,340.143862480049
0.7518880762580404,341.7221263952879,339.7442427357519,339.744253173633
0.7548324459387272,341.2209635211722,339.51836286718003,339.518594072395
0.7577786233025074,340.72220183097505,339.3274468845093,339.489449623893
0.760724974044243,340.2234107894282,339.4783960759414,339.549002476807
0.763669635001762,339.724905813358,339.7170276889673,339.717123863429
0.7666114038015166,339.34586954606084,340.1463244597078,340.146324459708
0.7695479777987586,339.843005471501,340.9203147143791,340.920314714379
0.772477789330641,340.33899657154996,341.7183846725946,341.718384672595
0.7753993627453738,340.8335930314513,342.8461097631945,342.846109763194
0.7783108432820309,341.4024107010978,344.0918767551089,344.091876755109
0.7812114024852248,342.39303536298786,345.43294425829754,345.432944258298
0.7840995653479358,343.3794263169137,347.05256837666076,347.052568376661
0.7869742246595901,344.36120541851625,348.68588466830073,348.685884668301
0.7898336891806614,345.4008297231674,350.7518719750734,350.751871975073
0.7926752033010888,346.87770485165606,353.1061031160802,353.106103116080
0.7954975084918717,348.344596151371,355.54286039503603,355.542860395036
0.7982978786636503,349.80008673912823,358.66205748473135,358.662057484731
0.8010735788984159,351.24275514305964,361.89131709087127,361.891317090871
0.8038257522806063,353.6765779897094,364.8188790449814,364.818879044981
0.806558416417299,356.0991282906313,367.07457643052874,367.074576430529
0.8092744911262362,358.506971799503,369.2888520804677,369.288852080468
0.8119759680469789,360.9018741365314,371.051114091236,371.051114091236
0.8146662328420371,363.70300745492955,372.3724782721901,372.372478272190
0.8173469621495955,366.64691695818544,373.69549798026253,373.695497980263
0.8200175678561248,369.5797089774072,375.20130884349675,375.201308843497
0.8226771910873498,372.5004403184671,376.78825250358744,376.788252503587
0.8253257739264561,374.67405663807676,378.33572160666444,378.335721606664
0.8279646725187179,375.6625821410599,379.5582002667322,379.558200266732
0.8305953763501999,376.6480379050066,380.69632107070913,380.696321070709
0.8332186185645089,377.6306985638703,381.7203544289447,381.720354428945
0.8358367955628624,378.6114618041803,382.17020562569786,382.170205623052
0.8384521721482696,379.60219892566494,382.5382016883623,382.538200306759
0.8410653295682651,380.5924572932929,382.81954329415635,382.755350806964
0.843677509226561,381.5823451372405,382.82457836291917,382.802203928794
0.8462897251696352,382.57224673133766,382.8089084628643,382.755689023238
0.8489026542361944,383.04225,382.6156692911521,382.615586336525
0.8515181569358159,383.04225,382.05609774395094,382.056097743951
0.8541375341064622,383.04225,381.4846182694755,381.484618269476
0.8567616131407905,383.04225,380.68837904447724,380.688379044477
0.8593921875943076,382.9466832830605,379.60337794359,379.603377943590
0.8620303078634246,381.9469652211817,378.51373865096804,378.513738650968
0.8646762835324989,380.94427034838475,377.35289331814215,377.352893318142
0.8673305964815585,379.9384160557972,376.1397140258277,376.139714025828
0.8699935165470525,378.9293000886526,374.91748907869453,374.917489078695
0.8726655076872163,377.92508511005,373.59033994770016,373.590339947700
0.8753471662305843,376.92054182514124,372.21928744322605,372.219287443226
0.8780387309583806,375.91228770572997,370.84544961708775,370.845449617088
0.8807402474804662,374.90030566646453,369.48198035498297,369.481980354983
0.883451759619686,373.6888844357512,368.11636071857083,368.116360718571
0.8861729532289047,372.1817650667262,366.85738816511326,366.857388165113
0.8889023216146514,370.67011813891173,365.914092856846,365.914092856846
0.8916386697772825,369.15460549683934,364.98822309260333,364.988223092603
0.8943808678343029,367.71388135794615,364.3542494677154,364.354249469303
0.897126549212621,366.7146354356924,364.06250588559,364.062508276014
0.8998743741572075,365.7146093974829,363.786003013836,363.968910566405
0.9026228356195942,364.7143517090093,363.8938539912756,364.049932087135
0.905369847122176,363.7146217097402,364.17018440959674,364.172380286271
0.9081146399406603,363.63814,364.48239501857483,364.482395026762
0.9108562672859131,363.63814,365.0117342718976,365.011734271898
0.913593788396736,363.63814,365.5766757988818,365.576675798882
0.9163266313167497,363.63814,366.2625902709505,366.262590270951
0.9190532973203144,364.316256646736,367.2352103242869,367.235210324287
0.9217727158686599,365.30594464068673,368.21743581230857,368.217435812309
0.9244838002245201,366.29259954131425,369.49698184900774,369.496981849008
0.927184459448974,367.2754603855268,371.0662712497882,371.066271249788
0.9298736642391131,368.45805352889664,372.6513855778077,372.651385577808
0.9325493160155898,369.939949783332,374.83642568052517,374.836425680525
0.9352085056152162,371.41272854406765,377.28035369482245,377.280353694822
0.9378506442654034,372.8760637223722,379.68986217837886,379.689862178379
0.940476715270681,374.3438232031531,381.91064349585093,381.910643495851
0.9430877468990446,376.31136260083304,384.076242505225,384.076242505225
0.945684338506404,378.2680207399635,386.1699417193051,386.169941719305
0.9482680012979754,380.2149363872177,387.92888137127665,387.928881371277
0.9508401614384068,382.15318422706196,389.6314101167436,389.631410116744
0.9534010830914701,384.10728870144004,391.34116803235725,391.341168032357
0.9559506775574368,386.07343888892916,393.1012582230105,393.101258223011
0.9584888879257443,388.0308100937032,394.8594176240391,394.859417624039
0.9610161402637416,389.97973088268117,396.5173467628796,396.517346762880
0.9635338457301037,391.92128948770943,397.8590137305431,397.859013730543
0.9660431675408757,393.4196370252694,399.1712486816943,399.171248681694
0.9685445603275462,394.8959025996498,400.38515071652745,400.385150716527
0.9710393261730259,396.36825710288775,401.294323903369,401.294323903369
0.9735285224737782,397.83732458651417,402.1788385794482,402.178838579448
0.9760124472618816,399.15573885801194,402.9993562318143,402.999356231814
0.9784919600676969,400.14548946585126,403.6111787031439,403.611178703144
0.9809677707182802,401.1337622791889,404.2054780338249,404.205478033825
0.9834402765617927,402.1207159080483,404.6907780199513,404.687728607286
0.9859110369565456,403.1069728036758,404.77663401511995,404.768718389146
0.9883813867791771,403.48178,404.82530531581284,404.796269696899
0.9908517290509196,403.48178,404.7791083678324,404.711186620626
0.9933235689849635,403.48178,404.33501547006637,404.335015469483
0.9957982621693497,403.48178,403.8462750602469,403.846275060247
0.9982761389866273,403.48178,403.2967246209727,403.296724620973
1.0007582696038217,403.48178,402.4635060375204,402.463506037520
1.0032456616743004,403.48178,401.5924251007687,401.592425100769
1.0057385841278417,403.48178,400.67985772785175,400.679857727852
1.008237814529863,403.48178,399.5680341715709,399.568034171571
1.010744103547431,403.21269714055614,398.42616405686954,398.426164056870
1.0132577191880943,402.2093336562515,397.2421935325771,397.242193532577
1.015779449335704,401.2027310928165,395.86646624883304,395.866466248833
1.0183100539449297,400.19258609807895,394.4609984553029,394.460998455303
1.020849809592653,399.1787882704565,393.01897361337984,393.018973613380
1.023399355804504,397.83267500445913,391.43753827503156,391.437538275032
1.0259592942415832,396.3218571083929,389.83453869414444,389.834538694144
1.0285293370666637,394.80507583055146,388.3653841834068,388.365384183407
1.03110757839696,393.2834559799453,387.3584963162139,387.358496316214
1.0336924137436245,391.8393804148045,386.3863998258832,386.386399825883
1.0362828436640306,390.834788933372,385.6868480042349,385.701658982759
1.0388757673220232,389.8292303585946,385.6432296210281,385.653570721456
1.0414688885471686,388.82359516553964,385.6280790157592,385.711769342761
1.0440612742236062,387.81824522473573,385.8621364492494,385.862151469324
1.046650708345185,387.49298,386.5079275405967,386.507927540597
1.0492358026047257,387.49298,387.15879974866755,387.158799748668
1.051815545921503,387.49298,388.1133052876891,388.113305287689
1.054387807729238,387.49298,389.4147040996596,389.414704099660
1.0569514989248403,387.664197161855,390.7126136292476,390.712613629248
1.059505909254917,388.6548199297066,392.2499696469756,392.249969646976
1.0620496858815707,389.641318853948,393.9864217827351,393.986421782735
1.0645822975151304,390.62348789577726,395.71602111001937,395.716021110019
1.067103541415288,391.6012484307216,397.54743913976574,397.547439139766
1.0696129798889076,392.8765630387251,399.44814212918027,399.448142129180
1.072110528491931,394.3505598626676,401.3415516852312,401.341551685231
1.0745956797370608,395.81724004574943,403.4439328016301,403.443932801630
1.0770674862498493,397.2760444689506,405.68710610864747,405.687106108647
1.0795256963320372,398.72682458563867,407.9191298980933,407.919129898093
1.0819692264637313,401.1015006364172,410.57746691815055,410.577466918151
1.0843959981953528,403.5443923194549,413.57356724422146,413.573567244221
1.0868053144654022,405.96971259215263,416.54811700025755,416.548117000258
1.0891964902849982,408.37677191555633,419.87369716935774,419.873697169358
1.0915676301046835,410.8183708192637,423.6191319972318,423.619131997232
1.093917984325881,413.74922204465224,427.332639757219,427.332639757219
1.0962489521986551,416.65589882751624,430.6932059642386,430.693205964239
1.098563806700416,419.5424825143041,433.29984536423115,433.299845364231
1.1008648915712795,422.41189570856613,435.86296480051277,435.862964800513
1.1031524512978685,425.27334590671535,438.43873573611506,438.438735736115
1.1054262495771137,428.2087215610918,441.15515489219104,441.155154892191
1.1076860700696287,431.12605249477133,443.879278061032,443.879278061032
1.1099321139002836,434.02559835129955,446.5835072869191,446.583507286919
1.1121649209522153,436.9080560965558,449.1573546875678,449.157354687568
1.1143851437614902,439.774268126499,451.6600901184724,451.660090118472
1.1165931311276465,442.2578052511733,454.1490332052177,454.149033205218
1.1187901749375095,444.6976365948158,456.16957048431277,456.169570484313
1.1209797191973851,447.1291396397505,457.26383523107086,457.263835231071
1.123164098318902,449.55490676517115,458.3293825679186,458.329382567919
1.1253434296090785,451.9750682412798,459.38452944515154,459.384529445152
1.1275179628695802,453.81210607231975,460.3540916582793,460.354091658279
1.1296879780222921,455.2917592209316,461.29942841464634,461.299428414646
1.1318535552492341,456.76838631194624,462.2428318506581,462.242831850658
1.134015370629001,458.2424483383758,462.90602520166976,462.906025199846
1.1361749867238788,459.71501075370514,463.1845821477024,463.184581565752
1.1383333103442301,460.93663086980234,463.4605968180324,463.460471754824
1.1404905148238873,461.4326299652563,463.6652812996984,463.392013733988
1.142648039551656,461.92870269432973,463.32306179404685,463.315099409010
1.14480742640068,462.42520357496085,462.866003381912,462.866003381907
1.1469689476534204,462.9221952121811,462.40849319940037,462.408493199400
1.14913300798092,463.41977065070347,461.78058683247156,461.780586832472
1.1513004668428328,463.0395924966753,460.95968660012113,460.959686600121
1.1534717929478489,462.54034646127184,460.13714463527054,460.137144635271
1.1556470228066633,462.0402028482992,459.30666659249806,459.306666592498
1.1578262804382065,461.53913314248325,458.4378732858857,458.437873285886
1.1600096897774543,461.0371088478532,457.5616116877504,457.561611687750
1.1621972859944862,460.2635837120537,456.6847306175376,456.684730617538
1.1643886274952262,459.26458113248634,455.99872344166135,455.998723441661
1.1665829276044,458.2642297638524,455.45395621154734,455.453956211547
1.1687798554586115,457.262680442243,454.90853660512505,454.908536605125
1.1709793705723164,456.2599516244634,454.3830865350313,454.383086535032
1.1731812680543048,455.3874767050307,453.9246461560245,453.924646156027
1.1753853787652817,454.8893989427385,453.4710168153776,453.471016815388
1.177591668185348,454.39082884285983,453.0285830247512,453.028595547436
1.1797995384538793,453.891901507992,452.82178904463933,452.825794111986
1.1820081909516031,453.39279740751795,452.7077289726753,452.708139255017
1.1842174000613703,452.89356752566664,452.59364015587823,452.683779659888
1.186426608366288,452.89298,452.70805887163027,452.762380193674
1.188634344661922,452.89298,453.1975004824186,453.197500482432
1.1908396859822674,452.89298,453.69186664954145,453.691866649542
1.1930425033263896,452.89298,454.23666653089765,454.236666530898
1.1952418326876082,452.89298,455.13233269618036,455.132332696180
1.1974366815750928,453.2560526712832,456.09314391652424,456.093143916524
1.1996269153470136,453.7509945680682,457.05239914112076,457.052399141121
1.2018120195165625,454.2447772940102,458.2373063583326,458.237306358333
1.2039910390208095,454.73718502709784,459.608753021248,459.608753021248
1.2061635757114644,455.2281277950768,460.9761194852021,460.976119485202
1.2083294337148374,456.12655528624555,462.4477969365864,462.447796936586
1.2104873809408074,457.6065037460104,464.3628846808567,464.362884680857
1.2126363526226565,459.0802966601077,466.31891600292784,466.318916002928
1.214776344311475,460.5479309774172,468.2682186493873,468.268218649387
1.2169071200087613,462.0092448470766,470.36176111598184,470.361761115982
1.2190282244918023,463.46392607138944,472.5482986540278,472.548298654028
1.2211395592638241,465.42862936888764,474.72476509928873,474.724765099289
1.223241042999162,467.38952547138865,476.98915413341916,476.989154133419
1.2253315821941761,469.34020921482943,479.70956567332246,479.709565673322
1.2274102020231892,471.2797709886145,482.4752922013516,482.475292201352
1.2294769737726994,473.2082773102311,485.2252541594025,485.225254159402
1.2315324028244181,475.35651935735746,487.8144915013195,487.814491501319
1.2335773509790848,477.8045407081154,490.21128721931325,490.211287219313
1.2356123500059981,480.24065189034127,492.5959516366238,492.595951636624
1.237637556225455,482.66504003612613,494.9634758487062,494.963475848706
1.2396533509761598,485.07816164862766,497.2060976935418,497.206097693542
1.2416601834223013,487.4805544253529,499.3941138285264,499.394113828526
1.2436582613557712,489.92116388,501.5725850634802,501.572585063480
1.2456478177852035,492.37266412377903,503.68103271024677,503.681032710247
1.2476297492248847,494.8147689747168,505.43867112525146,505.438671125251
1.249604916470346,497.24853909157355,507.1366581768482,507.136658176848
1.2515734924499395,499.6741875539535,508.82897893151505,508.828978931515
1.253535589080552,502.0918522640902,510.49152207409674,510.491522074097
1.2554914437967843,503.7354072924641,512.0817910054775,512.081791005477
1.2574412507097437,505.21058149196966,513.6632408482924,513.663240848292
1.2593850729605294,506.68122784865517,515.2398366500079,515.239836650008
1.2613233865505569,508.14770649305575,516.5867047507033,516.586704750703
1.263257352627427,509.6108959198427,517.5585111693985,517.558511169398
1.2651877044053137,511.071350860166,518.5229719902177,518.522971990218
1.267114472346194,512.5505776927394,519.4856422201203,519.485642220120
1.2690382712114063,514.0315167335648,520.1244705404686,520.124470538624
1.2709603566959147,515.5111368151049,520.4120554845829,520.412055444384
1.2728813808841069,516.989939911472,520.699329040291,520.699328798708
1.2748013487693997,518.4679298665951,520.9848395157044,520.857832000564
1.2767208695916592,519.9455756729033,520.9418643834422,520.769773441795
1.278641004543403,520.23743,520.6516722709201,520.648968086380
1.280562210305149,520.23743,520.3613183257153,520.361317492737
1.2824844987067792,520.23743,520.0653731754685,520.065373159843
1.284408325191483,520.23743,519.5296978532942,519.529697853294
1.2863343759914914,520.23743,518.8649382864646,518.864938286465
1.2882628975815702,520.23743,518.1993259480342,518.199325948034
1.29019391913066,519.852205853085,517.5223393163899,517.522339316390
1.2921278215998941,519.3535269663647,516.6567017947149,516.656701794715
1.2940650999380765,518.8539775731967,515.7203221613678,515.720322161368
1.296005902156538,518.3535195071651,514.7822392675773,514.782239267577
1.2979502962664118,517.8521352308207,513.8167222575073,513.816722257507
1.299898775716085,517.3496975028494,512.6260721137188,512.626072113719
1.3018518902531697,516.4571876113791,511.3809275340784,511.380927534078
1.3038097720145765,515.4553086533988,510.13274376567216,510.132743765672
1.3057724856336663,514.4509571576808,508.8661923688896,508.866192368890
1.3077402287584285,513.4440319846339,507.5283967880331,507.528396788033
1.3097131883051727,512.4344374862361,506.1789281321209,506.178928132121
1.311691421861893,511.4221441938032,504.82585214865463,504.825852148655
1.3136747667181194,510.41672973389336,503.57320659688725,503.573206596887
1.3156626029147378,509.41033967710234,502.5469577456781,502.546957745678
1.317654490389046,508.40189856319137,501.5268617529659,501.526861752966
1.3196504375042792,507.3914021580707,500.50473805613836,500.504738056138
1.3216500417536405,506.379054240522,499.6938338607257,499.693833860726
1.3236524939355285,505.3660822617262,499.08195151227295,499.081951512273
1.3256574041745577,504.3644329021787,498.46931806377063,498.469318063771
1.327664751721279,503.3615658683226,497.87071542564024,497.870715426138
1.3296739605514305,502.3577689407887,497.5460788419116,497.546117796111
1.3316842720748323,501.3534211097947,497.32465427060464,497.324654051354
1.3336954790510762,500.3486259122561,497.10313107006476,497.105132351779
1.3357074093784513,499.48367355159274,496.96709603539637,497.180333805996
1.337719016862214,498.9846544299246,497.2627390532804,497.269669598516
1.339729308238537,498.48596179480205,497.6180422310989,497.618042245282
1.3417381652741143,497.98762497634107,497.97309190053465,497.973091902066
1.3437453043856737,497.489714322995,498.4702968227688,498.470296822769
1.3457498793822786,496.9924397492036,499.2480318359385,499.248031835938
1.347751321382719,496.99231008813484,500.03210262051203,500.032102620512
1.3497496281514967,497.4871764858028,500.81584408625935,500.815844086259
1.3517443418726687,497.98115309089593,501.8353366449246,501.835336644925
1.3537346467794014,498.4740378845847,503.0372607797033,503.037260779703
1.3557202074775074,498.9657478088942,504.23631993701827,504.236319937018
1.3577010005924577,499.4562770752894,505.4617301797546,505.461730179755
1.3596760472835774,500.6052279636922,507.17545811981074,507.175458119811
1.3616441039044247,502.08690992950665,509.0589576479351,509.058957647935
1.3636049054827022,503.56312982394434,510.93551384464854,510.935513844649
1.3655584455338294,505.033882764988,512.8505080641717,512.850508064172
1.3675041386829545,506.4987280440971,515.0655784203502,515.065578420350
1.369441392290723,507.9572194835373,517.328736410259,517.328736410259
1.3713702076687957,509.786997536185,519.5820366059751,519.582036605975
1.3732907420412273,511.75087450188903,521.799516951195,521.799516951195
1.3752033511518114,513.7066473485454,523.896664802304,523.896664802304
1.37710835711911,515.6546454642835,525.9729190249627,525.972919024963
1.3790058725559593,517.5949840033838,528.0410093648584,528.041009364858
1.3808959597196,519.5277266281082,530.1153148873283,530.115314887328
1.382778592272253,521.4833995148991,532.2310947903928,532.231094790393
1.3846537628577993,523.4490907274097,534.3427171110652,534.342717111065
1.3865215521178476,525.4070442936605,536.4460273497978,536.446027349798
1.3883821302166366,527.3574385922753,538.492590335103,538.492590335103
1.390235957297735,529.3007559794602,540.3599154082987,540.359915408299
1.3920834255675185,531.2374075946776,542.2058030349946,542.205803034995
1.3939246255400701,533.1841321123701,544.0454277275271,544.045427727527
1.3957596697588093,535.1493349752644,545.8495512331231,545.849551233123
1.397588886548542,537.1082970729229,547.5171089985279,547.517108998528
1.3994125749358148,539.0613386416752,549.1639489726488,549.163948972649
1.401230810700756,541.0085408366909,550.8058650811926,550.805865081193
1.4030436805717277,542.9499965379254,552.4196402234214,552.419640223421
1.4048515387938774,544.8757035646292,553.8636861932943,553.863686193294
1.4066547480147182,546.3561476618838,555.271737566015,555.271737566015
1.4084533962013066,547.8328471264256,556.6762274159103,556.676227415910
1.410247544018472,549.3058517643933,558.0608452532031,558.060845253203
1.4120376801261625,550.7755627681317,559.1737470928839,559.173747092884
1.4138244112838971,552.2424782903447,560.1897559505194,560.189755950519
1.415607907721461,553.7067380905662,561.2039254132316,561.203925413232
1.417388189441447,554.9075086258113,562.2146866736632,562.214686673663
1.4191656354751965,555.8928164081447,562.9958265565217,562.995826556522
1.4209408741101943,556.8769005431058,563.6136117263216,563.613611726322
1.4227141690070737,557.8599071880848,564.2307204728313,564.230720472831
1.4244855265365888,558.8418398746397,564.8471550132233,564.847155013223
1.426255169599048,559.8228221651204,565.3244593373212,565.324458357336
1.4280236824875012,560.8031779559932,565.5692461952984,565.569241059313
1.4297914359736723,561.299991403137,565.8102738659771,565.810273704479
1.4315584367407528,561.7948612938292,566.0511989057702,566.050491758521
1.4333248044399345,562.2895538862158,566.2159067755057,566.083813153006
1.4350911174996672,562.7842311761655,566.0862155564311,566.045086347078
1.4368578810726325,563.279034637783,565.9271845814386,565.924448510919
1.4386251412627455,563.7739771830264,565.7681089046201,565.767365364721
1.440392937987261,564.0554,565.5837175760256,565.583684028466
1.4421617291332791,564.0554,565.1322086107951,565.132208610793
1.4439320469188486,564.0554,564.6087033060865,564.608703306086
1.4457040076689072,564.0554,564.0847121560624,564.084712156062
1.447477621015873,564.0554,563.5570263241036,563.557026324104
1.4492532209363516,564.0554,562.8233173235735,562.823317323574
1.4510313331956222,564.0554,561.9657123111745,561.965712311174
1.4528121631545834,563.6158545711224,561.1067965195364,561.106796519536
1.4545957233128353,563.1172067606822,560.2465639198335,560.246563919834
1.456382132911179,562.6177623036829,559.3182754307842,559.318275430784
1.458171653544865,562.1174480633156,558.3003881024121,558.300388102412
1.4599644434480572,561.6162198004672,557.2802323154526,557.280232315453
1.461760521263323,561.114072303048,556.2582055995007,556.258205599501
1.4635598399247827,560.4180625096299,555.2745146688029,555.274514668803
1.465362189268695,559.417227241452,554.3889811608789,554.388981160879
1.4671674144787703,558.414795019669,553.5067302010085,553.506730201009
1.4689755216961093,557.4107624341593,552.6230707445741,552.623070744574
1.470786440306402,556.4051686966842,551.7894236543226,551.789423654323
1.472599741826361,555.3982517417968,551.1714495528287,551.171449552829
1.4744150387104864,554.3902267715085,550.5770300825706,550.577030082571
1.4762322975651943,553.8782731997518,549.9819681645441,549.981968164544
1.4780514696914326,553.3784063431608,549.4195093713282,549.419509372265
1.4798721215086195,552.8781329013696,549.088268430764,549.088270086580
1.4816937983253293,552.3775778131733,548.801389169567,548.801389149882
1.4835164278999051,551.8767609289255,548.5143598671309,548.514369556810
1.485339960674113,551.3756958660945,548.25787130243,548.432631534136
1.4871637327634133,550.8757697127492,548.3703931556349,548.483188393780
1.4889869511853022,550.3768177002789,548.5909236129299,548.595719511046
1.4908094369780036,549.8780661831541,548.8113654539551,548.811423593684
1.4926311688385303,549.379520991268,549.0450940970297,549.045094382124
1.4944515709768826,548.8813396984885,549.6135447159477,549.613544715948
1.4962698526158313,548.3837387132751,550.3265291941792,550.326529194179
1.4980857815925677,548.108687296148,551.0385911468074,551.038591146807
1.4998993637140325,548.6041479429838,551.751744466435,551.751744466435
1.5017102411861925,549.098869694526,552.6860001509159,552.686000150916
1.5035178174317325,549.592689569138,553.7690781993775,553.769078199378
1.5053218652466447,550.0855454959362,554.8500420544448,554.850042054445
1.5071224052134253,550.5774430979452,555.9289040488899,555.928904048890
1.5089192630376085,551.068334758877,557.126502141917,557.126502141917
1.510712028482661,551.9519260562133,558.4700228996534,558.470022899653
1.512500490739711,552.9393299012195,559.8107049920113,559.810704992011
1.5142846800324485,553.924374657363,561.148183948793,561.148183948793
1.5160644155095637,554.9069604772594,562.6162400043005,562.616240004300
1.5178390083324467,555.8867070554875,564.4056978088346,564.405697808835
1.519607969676025,556.8633445134104,566.2041189072587,566.204118907259
1.521371330014293,558.1053031167967,567.9968457228348,567.996845722835
1.5231290651653717,560.0767392300081,569.8339660074754,569.833966007475
1.5248807048357993,562.041338789558,571.9573227752319,571.957322775232
1.5266257937173564,563.9985911320139,574.1201888834892,574.120188883489
1.5283643329124055,565.94849749376,576.2749372993786,576.274937299379
1.5300963891823656,567.8911327528992,578.4259665321362,578.425966532136
1.531821814638753,569.8263310410423,580.7129450138528,580.712945013853
1.5335403683819564,571.7825922971081,583.0610421687988,583.061042168799
1.5352520287778049,573.7506136776062,585.3997207942884,585.399720794288
1.5369568781184944,575.7108038889021,587.7290933276951,587.729093327695
1.538654950702712,577.6632023667096,590.0815592927787,590.081559292779
1.5403461908881506,579.6077451349909,592.4874782173646,592.487478217365
1.5420305887643972,581.5444207990181,594.8852823102754,594.885282310275
1.5437082244304712,583.4733214545031,597.2734601411506,597.273460141151
1.5453792374969337,585.4258983228722,599.6098324816131,599.609832481613
1.5470444325542048,587.3818734096319,601.4534927254535,601.453492725454
1.5487047269939733,589.3320921222644,603.1545214697387,603.154521469739
1.5503603521501907,591.2768261907652,604.8507663723924,604.850766372392
1.55201134719757,593.216121630622,606.5422675694296,606.542267569430
1.5536577432209757,595.1500149548067,608.2346472001717,608.234647200172
1.5552995568603387,597.0785257089517,609.9327735920397,609.932773592040
1.5569368118112012,599.0370209424582,611.6264243397706,611.626424339771
1.558569545517932,601.003077235418,613.3153981075386,613.315398107539
1.560197791418168,602.9637295361872,615.0026177893965,615.002617789396
1.5618214939258137,604.9189109107688,616.7526006064754,616.752600606475
1.5634405652662506,606.868515665356,618.5259642980112,618.525964298011
1.5650550078131347,608.8125466581862,620.2942580867344,620.294258086734
1.5666648610412715,610.7510514228472,622.0575252091262,622.057525209126
1.5682703501646775,612.4199061224522,623.6708483652632,623.670848365263
1.569872473063995,613.893797145478,624.6736397042013,624.673639704201
1.5714721138411312,615.3654047122204,625.6077640942511,625.607764094251
1.573069369672464,616.8348182211839,626.5404957741566,626.540495774157
1.5746642511936466,618.3020474567577,627.471840954627,627.471840954627
1.5762569892067266,619.767304747887,628.2279091903445,628.227909190344
1.5778481313177228,621.2310938709029,628.7310428883167,628.731042888317
1.579438003776561,622.5516514836729,629.2316985081567,629.231698508157
1.581026612239146,623.5409727972406,629.7319560919367,629.731956091937
1.5826139700193362,624.5295152362279,630.2236314396929,630.223597416046
1.5842004919470565,625.51753713999,630.3955899336356,630.357079601202
1.5857867881012617,626.5054184411082,630.4030287655228,630.393565682166
1.5873730655372014,627.493288085245,630.4104675095629,630.408116588773
1.5889593242555389,628.4811460728137,630.4179061658317,630.401960253241
1.5905456395440363,629.4690392899976,630.3655067891958,630.332839790042
1.5921326328226426,629.48421,629.8794636523627,629.879463652362
1.593720960643108,629.48421,629.3066993307307,629.306699330731
1.5953107354009632,629.48421,628.7334132315412,628.733413231541
1.5969019610578314,629.48421,628.1596039259077,628.159603925908
1.598494776913785,629.48421,627.4786926583298,627.478692658330
1.600089670628384,629.48421,626.5240917749816,626.524091774982
1.601687015580449,629.48421,625.554363226613,625.554363226613
1.6032868405752758,629.1357442068763,624.5831290746191,624.583129074619
1.6048891577095328,628.6358047138233,623.6099863344002,623.609986334400
1.6064942473729862,628.135000163029,622.4274450315438,622.427445031544
1.608102618233683,627.6331718448098,621.068341942053,621.068341942053
1.6097145164866478,627.1302429437753,619.7062581406418,619.706258140642
1.6113299654425561,626.6262061867544,618.3411739298547,618.341173929855
1.6129490049878907,626.1210491287525,616.9606466212202,616.960646621220
1.614571830425453,625.1339821625156,615.4596251451908,615.459625145191
1.616198661927001,623.6260944827859,613.9259079310232,613.925907931023
1.6178295678158323,622.1144303096819,612.3883495334833,612.388349533483
1.6194645788591675,620.5989611254909,610.8469209465434,610.846920946543
1.6211038504671489,619.0795428826959,609.2093487564321,609.209348756432
1.6227478019558443,617.555786923017,607.3743302183352,607.374330218335
1.6243967436076971,616.0274056499372,605.5276750380315,605.527675038031
1.626050729429044,614.5059065238022,603.6753708759377,603.675370875938
1.6277098311050833,612.9971291686409,601.7991781629156,601.799178162916
1.6293746617273956,611.4831419432644,599.5285234877591,599.528523487759
1.6310460417830197,609.9631987015616,597.0923664090743,597.092366409074
1.6327242692351738,608.437028477525,594.646228755597,594.646228755597
1.6344094289396027,606.9045541038372,592.1899868440584,592.189986844058
1.6361015215957617,605.3657749444176,589.7832843940872,589.783284394087
1.637800359534642,603.3670114727283,587.4964904405323,587.496490440532
1.6395058295342548,600.8367306040868,585.2052488250679,585.205248825068
1.6412180033261126,598.2965038101183,582.90500089006,582.905000890060
1.642936858186503,595.7463648043286,580.6646874471071,580.664687447107
1.644661392126513,593.1878001642467,579.0711285586425,579.071128558642
1.6463904414416235,590.6225363929966,577.6356597727666,577.635659772767
1.6481237983211303,588.0508818040917,576.1966148169843,576.196614816984
1.6498614914424439,586.2428350852394,574.7563970290563,574.756397029056
1.6516025752552066,584.7310034640466,573.9539415210019,573.953941521008
1.653345337751461,583.2177141951711,573.6494439673621,573.649443959797
1.655089025811191,581.7036212337225,573.3447846980722,573.344784690569
1.6568336409106372,580.1887232978397,573.03996345536,573.040196025351
1.6585789980792291,578.6731810026265,572.8573272517363,572.980877226996
1.660324477600894,577.2124919051217,572.9596193901054,572.997487321069
1.6620696278148293,576.7123168094095,573.0735437114341,573.079145302403
1.6638144311700553,576.2122411263935,573.1874453895276,573.191019308336
1.665558828549191,575.7122817996247,573.3403237306546,573.340574759192
1.6673023526038269,575.2125727751863,573.7618712625493,573.761871262608
1.669044519114924,574.7132528344291,574.2342162789142,574.234216278914
1.6707852537570318,574.2143432796679,574.7061730797473,574.706173079748
1.672524552373909,574.113632073618,575.1828248452846,575.182824845285
1.6742620256547531,574.6107497946068,575.9144783828798,575.914478382880
1.6759970800765345,575.1071754429647,576.787778585329,576.787778585329
1.6777295114575264,575.6028505991721,577.6597585397591,577.659758539759
1.6794593316583808,576.0977786567429,578.5304242160281,578.530424216028
1.6811863146489947,576.5918949450023,579.5594875223849,579.559487522385
1.6829097954331518,577.0850091983461,580.8843219891993,580.884321989199
1.6846293444171279,577.5795373784377,582.2128785823078,582.212878582308
1.6863449784504856,578.0740999474451,583.5384104092954,583.538410409295
1.6880566606486291,578.5675233284101,584.9043855471803,584.904385547180
1.6897639163340177,579.0596706869384,586.5686713454219,586.568671345422
1.691466258237083,579.5504015587555,588.285962481049,588.285962481049
1.6931636451610137,580.0397040681349,589.9982551251379,589.998255125138
1.69485611994937,580.5275905655085,591.7057143013396,591.705714301340
1.6965436471540603,582.3278464977777,593.4629699603485,593.462969960348
1.6982261284502902,584.2927442973034,595.2602428266201,595.260242826620
1.699903545043365,586.251727247073,597.0521054374952,597.052105437495
1.7015759423983685,588.2048484438092,598.8386063600678,598.838606360068
1.7032434735547044,590.1522866156729,600.5417021242262,600.541702124226
1.704906772916031,592.094782655508,601.8891759876051,601.889175987605
1.7065664151944784,594.0330077449803,603.1911962639455,603.191196263945
1.7082224827381283,595.5439378706542,604.4904120943273,604.490412094327
1.709874998719917,597.023456797891,605.78671470161,605.786714701610
1.7115240614316467,598.4998839677892,607.0247021547514,607.024702154751
1.7131698296922744,599.9733615730154,608.2143838150596,608.214383815060
1.7148123850575168,601.4439626314568,609.401742959589,609.401742959589
1.7164517462710958,602.9117039246105,610.5867931376782,610.586793137678
1.7180879555733815,604.3766232708258,611.7518245874234,611.751824587423
1.7197212070961738,605.417635291855,612.8002043064417,612.800204306442
1.7213516964000557,606.4041318785114,613.8263027015715,613.826302701572
1.722979464645283,607.3889821403077,614.8506886820039,614.850688682004
1.7246045254097917,608.3721942923166,615.8733707925596,615.873370792560
1.7262270854274062,609.3538934149119,616.7472926259408,616.747292625941
1.7278476557728544,610.3343887241513,617.3864443316751,617.386444331675
1.7294665540246221,611.3138723648663,618.0219743820128,618.021974382013
1.7310837892235558,612.3001785487318,618.6568515685996,618.656851568600
1.732699382892245,613.2881696913751,619.2784926266124,619.278492626359
1.7343137421085382,614.2754059238841,619.6032365669228,619.603140578701
1.7359274183989744,615.2622245237233,619.8027481888669,619.802746721315
1.737540575421587,616.2487255734129,620.0021956094629,620.002195005789
1.7391532136773424,617.2349093793118,620.2015788909505,620.194583116045
1.7407654703991553,618.2208598640714,620.295659821103,620.075276473444
1.7423780628151224,618.67005,619.9434368686184,619.942770065418
1.7439916373853523,618.67005,619.5407790866586,619.540779086616
1.7456062613478704,618.67005,619.1378594352019,619.137859435190
1.7472219367527688,618.67005,618.7346774026275,618.734677402627
1.7488390520459172,618.67005,618.0359145898923,618.035914589892
1.7504584760767257,618.67005,616.971993290358,616.971993290358
1.75208069880432,618.67005,615.9052579420404,615.905257942040
1.7537057360760206,618.4843006673872,614.8366718161129,614.836671816113
1.7553336356599512,617.9851042793125,613.7413126775378,613.741312677538
1.7569648974392384,617.4848768720062,612.305156149872,612.305156149872
1.758600138077394,616.9834293452311,610.7583808817766,610.758380881777
1.7602395305967862,616.4807086415736,609.2076783462138,609.207678346214
1.7618831067840568,615.976705013641,607.6530184762976,607.653018476298
1.7635310542324185,615.4713609358614,605.980220636827,605.980220636827
1.7651839456898144,614.684133074519,604.0237514144521,604.023751414452
1.766842225937182,613.1735026694523,602.0482433952778,602.048243395278
1.7685059655213806,611.6578990156108,600.0662316721508,600.066231672151
1.7701752450702122,610.1372486641255,598.0588012852413,598.058801285241
1.7718508008889424,608.6108808688277,595.5801106963336,595.580110696334
1.773533643959785,607.0778746632686,592.8909206237762,592.890920623776
1.7752241549610677,605.5378832639312,590.1894771672713,590.189477167271
1.7769224396776802,603.6473527690487,587.4756112818421,587.475611281842
1.778629129612428,601.1196201317593,584.3915286034273,584.391528603427
1.780345974865095,598.5768467257726,580.5485046635296,580.548504663530
1.7820742959135822,596.0170768267244,576.6569922962447,576.656992296245
1.7838143604220655,593.4399140043911,572.7390381865939,572.739038186594
1.7855663665848824,590.8450647184609,568.8228921301628,568.822892130163
1.787330213074945,588.2326790417628,565.0750187876363,565.075018787636
1.7891057790457308,584.9905309724654,561.3387767420161,561.338776742016
1.790893243081252,581.404178540768,557.5774981443878,557.577498144388
1.792692773272865,577.7936166775071,553.8362874178086,553.836287417809
1.7945030441040268,574.161504887647,550.9781693219849,550.978169321985
1.7963221660081956,570.5116343812083,548.4591441531228,548.459144153123
1.7981496818003562,566.8449224502638,545.9284955657312,545.928495565731
1.7999856967349612,563.3184354624609,543.3931631693418,543.393163169342
1.8018296901346256,560.2693717462416,541.2137966262197,541.213796626220
1.8036807827693921,557.2085693653571,539.2327925607699,539.232792560770
1.805538701061889,554.1364806830525,537.2444838066475,537.244483806648
1.807403505678559,551.0530053866869,535.2576143047579,535.257614304758
1.8092739030657459,547.9602823817013,534.0352681702362,534.035268170236
1.8111477162811915,544.8619112664751,533.3074709186941,533.307470918694
1.8130240901650136,542.8418490662534,532.5786790924404,532.578679092440
1.8149030255739407,540.8261725131699,531.8543592068331,531.854359208023
1.8167837054533948,538.8086245342126,531.5909110862806,531.693907772393
1.8186647950397141,536.79063703162,531.6226733864794,531.651322457449
1.8205457722452678,534.7727700884,531.654433789172,531.662363644749
1.8224266313491024,532.7550298418535,531.689438215947,531.728213233818
1.8243069645675267,532.3974,531.9518899126997,531.951901106390
1.8261861249932179,532.3974,532.3533483309462,532.353348330931
1.8280638693727185,532.3974,532.754504229163,532.754504229330
1.829940193680602,532.3974,533.1594639862019,533.159463986202
1.8318146300211526,532.3974,533.8283780578763,533.828378057876
1.8336864438260658,532.3974,534.6546038733294,534.654603873329
1.8355553694857376,532.7099013620204,535.479554850274,535.479554850274
1.8374214140178964,533.2060359520082,536.3068667450235,536.306866745024
1.8392841051867719,533.701278966533,537.4095618472992,537.409561847299
1.8411426843689038,534.1954287065823,538.6827666553183,538.682766655318
1.8429968810239192,534.6884132422344,539.9529692482029,539.952969248203
1.8448467263663306,535.1802408726481,541.2199811521945,541.219981152194
1.8466923112161413,535.8629607800102,542.4487386067764,542.448738606776
1.8485337684790915,536.8489787383152,543.6489311655279,543.648931165528
1.8503711693541454,537.8328246824268,544.846479923269,544.846479923269
1.8522045405304417,538.8145129031844,546.0414022020361,546.041402202036
1.8540339850413148,539.794098570328,547.187819815905,547.187819815905
1.8558596806086909,540.7716768459956,548.2861717206391,548.286171720639
1.8576817261492826,541.7701936933324,549.382327742212,549.382327742212
1.8595001434680105,543.2532469312089,550.4763009988832,550.476300998883
1.8613151374033128,544.7335081477918,551.4566278278055,551.456627827806
1.8631271917584744,546.2113719202896,552.2636129388414,552.263612938841
1.8649366052414753,547.6870818670573,553.0675215555107,553.067521555511
1.8667433924693428,549.1606499093575,553.8702633469597,553.870263346960
1.8685477081264377,550.6322022036775,554.5836929463068,554.583692946307
1.87035006923545,551.4861550398759,555.072067711049,555.072067711049
1.8721508638681494,551.9818253149356,555.5489506019159,555.548950601916
1.8739501140238735,552.4770704713764,556.0254244872579,556.025424487235
1.8757478921753816,552.9719104573877,556.4590620985437,556.459059227739
1.877544581575176,553.4664507635513,556.6994468213918,556.699381983938
1.8793405336763913,553.9607881276454,556.9160411999445,556.916040522175
1.8811357875718424,554.4552976476841,557.1325513740292,557.132373208556
1.8829303818968626,554.9512682295527,557.3254807581795,557.254626823858
1.8847247125774536,555.4471659482238,557.2962681800093,557.259372992012
1.886519225747249,555.9431141012885,557.2121372526541,557.204720185829
1.8883140099033537,556.4391371466204,557.1279936208309,557.125626489595
1.8901090761570298,556.9352381550299,557.0370179706597,557.029760070258
1.8919047497779347,557.431507021029,556.75120524393,556.751203848937
1.893701489941943,557.57667,556.3759276533657,556.375927653269
1.8954994428325562,557.57667,556.0003967655574,556.000396765340
1.8972986114562187,557.57667,555.6242740202754,555.624274020209
1.899099296051851,557.57667,555.064689785483,555.064689785483
1.9009020484132089,557.57667,554.3504865518828,554.350486551883
1.9027071263713868,557.57667,553.6353619775691,553.635361977569
1.9045145389499278,557.3096181507917,552.9193124879922,552.919312487992
1.9063245734983802,556.3120243074745,552.032683840704,552.032683840704
1.9081379417653097,555.3125930975552,550.8884321731001,550.888432173100
1.9099550887376209,554.3110792681482,549.7392060959312,549.739206095931
1.9117760424262586,553.3074673811243,548.5875725207587,548.587572520759
1.9136009950023225,552.3016515220936,547.3327534346575,547.332753434658
1.9154305349896092,551.2933073283432,545.8402528675502,545.840252867550
1.9172651074938263,550.2908981235742,544.3340591817797,544.334059181780
1.9191047704762765,549.2868941213201,542.8236861865776,542.823686186578
1.92094968841576,548.2800222036144,541.2376902146658,541.237690214666
1.9228004102954905,547.269982760502,539.424753296143,539.424753296143
1.9246574008620625,546.2565221545256,537.5897677720449,537.589767772045
1.926520751821268,545.239590336854,535.7484972248726,535.748497224873
1.9283906917267635,543.9227590708183,533.8081108593354,533.808110859335
1.9302680286185678,542.4105415859531,531.5356263261738,531.535626326174
1.9321534765436892,540.8917905660278,529.2252998581641,529.225299858164
1.9340471916961384,539.3663801948849,526.9048431744858,526.904843174486
1.935949864734773,537.8337541384931,524.2545904411884,524.254590441188
1.9378640760374168,536.2918338714267,520.5751005736887,520.575100573689
1.9397920556648258,534.2698321378202,516.7940406008385,516.794040600838
1.9417342462399918,531.7175057420704,512.9851108076465,512.985110807646
1.9436910257041573,529.1460073829949,509.117113645819,509.117113645819
1.9456629141918018,526.5546535267645,505.15450464369,505.154504643690
1.947650398866374,523.942803968373,501.15843142031804,501.158431420318
1.9496538591465293,521.3099600954488,497.13066740304265,497.130667403043
1.9516715289809423,517.5123653732771,494.12092606585935,494.120926065859
1.9536995643147814,512.9127864720213,492.05949472408565,492.059494724086
1.9557361318590658,508.2938565395043,489.9893906704547,489.989390670455
1.9577812577869844,503.6555162149998,487.9497536102695,487.949753610270
1.959833901195442,499.0001262640417,486.40605119414954,486.406051194150
1.9618927523802485,494.33065709235143,485.0114736491999,485.011473649200
1.9639575406269478,492.51731960739517,483.6128745930077,483.612874593008
1.9660278755176432,491.00300884702506,482.4158966871397,482.415896687140
1.9681020649405012,489.4858787555622,481.8165647470808,481.816564747081
1.9701787543299747,487.9669201066215,481.2550866677731,481.255086667773
1.972257862147571,486.44619254012696,480.6963128247476,480.721109325888
1.9743382646783854,485.2427120930538,480.65610521693844,480.834895425162
1.976418032970066,484.74233451858146,480.9895975911534,480.990109503308
1.9784963602601011,484.24230363893616,481.3228588996338,481.322858983222
1.980573169080007,483.7426380924884,481.6932245492861,481.693224549302
1.9826478568977293,483.2434828441986,482.3076219025531,482.307621902553
1.9847198102317902,482.7449854933809,482.9655318032464,482.965531803246
1.9867889449216771,482.60299,483.62254669640737,483.622546696407
1.9888548981825016,482.60299,484.45427974419647,484.454279744196
1.990916679512305,482.60299,485.5820059612219,485.582005961222
1.9929736732871342,482.60299,486.7119921188837,486.711992118884
1.9950258816973927,482.60299,487.84922368868297,487.849223688683
1.9970727023825146,482.72110674899284,489.27803074711034,489.278030747110
1.999113278475791,484.202500017397,490.83983154516625,490.839831545166
2.001147382166752,485.67919452781223,492.3966785446211,492.396678544621
2.0031750565317843,487.15122155232336,493.9574630967216,493.957463096722
2.0051962474671057,488.61854181330784,495.56075393035627,495.560753930356
2.0072109059919043,490.0811197522554,497.1659062994973,497.165906299497
2.0092190808122306,491.5486128722712,498.7658928632491,498.765892863249
2.0112208443745647,493.0297815813972,500.35563231619255,500.355632316193
2.0132162888081595,494.5062745656105,501.9298234548689,501.929823454869
2.0152054950667644,495.97815172517267,503.4987798322241,503.498779832224
2.017188521938165,497.4454565590413,505.06284823344646,505.062848233446
2.0191654575766464,498.90825429538336,506.6062298417773,506.606229841777
2.0211364159063128,500.3789932084105,508.13085761059887,508.130857610599
2.0231014780605725,501.85714647353257,509.65092441394273,509.650924413943
2.025060712714651,503.3309161936347,511.15807133434265,511.158071334343
2.0270146485754275,504.8007000710477,512.4185326807084,512.418532680708
2.0289640011713357,506.26703633846273,513.564400783956,513.564400783956
2.0309090140100983,507.73010816654164,514.7077178917193,514.707717891719
2.032849784177659,508.9193271067636,515.8121915679377,515.812191567938
2.0347871667659057,509.9041576981799,516.5089013871586,516.508901387159
2.036722150806951,510.8877690349825,517.091683112946,517.091683112946
2.038654956499326,511.87027305079346,517.6738087600879,517.673808760088
2.040585660793832,512.8517088620488,518.2178901522726,518.217890144180
2.042514786234062,513.8323420935762,518.5214165411837,518.521408673064
2.044442862461449,514.5398491498947,518.7820353873252,518.782035309303
2.0463699705734264,515.0343391158991,519.042523372924,519.041899341139
2.048296287535437,515.5286260752752,519.2082372196926,519.012009834454
2.0502227314495336,516.0229456101629,518.9741292968878,518.943036597652
2.0521501279641,516.5175095793772,518.6951460451239,518.695130620622
2.0540785616986055,517.012339696012,518.4160126595091,518.416012466165
2.056008388916782,517.24108,517.9464097423836,517.946409742384
2.0579409915595788,517.24108,516.9284738865916,516.928473886592
2.0598774718712636,517.24108,515.874220710067,515.874220710067
2.0618179177505076,517.24108,514.817808610283,514.817808610283
2.0637628515720925,517.24108,513.4965123302062,513.496512330206
2.0657137333518607,517.24108,511.68413747225634,511.684137472256
2.067671570746191,516.6773888859143,509.85443466192186,509.854434661922
2.0696364596285894,515.6719242736742,508.0181418123509,508.018141812351
2.07160852651852,514.6627865618384,506.14968321939233,506.149683219392
2.0735879503182426,513.6498842033002,504.24893783822074,504.248937838221
2.0755748638661142,512.6331492225788,502.3410004124497,502.341000412450
2.077569378853247,511.61252446557137,500.4127559624971,500.412755962497
2.079572307820997,509.90078944169863,498.13011977079583,498.130119770796
2.081584771928722,507.878261281538,495.68245269156,495.682452691560
2.0836072232154876,505.8456959978471,493.2226386682382,493.222638668238
2.085639964104246,503.80278965529806,490.6771773249732,490.677177324973
2.0876841934955124,501.7483373578416,487.6956911602574,487.695691160257
2.08974114178914,499.6811025525667,484.6281695633515,484.628169563351
2.0918111935566897,497.15806119904755,481.5411067903075,481.541106790307
2.0938947552134133,494.6055151176324,478.3642075752961,478.364207575296
2.0959924974803776,492.0355965428312,475.05326000063235,475.053260000632
2.098104967380445,489.44763532357774,471.7175445929183,471.717544592918
2.100232567665013,486.84113805402694,468.32092335500363,468.320923355004
2.102376928583694,484.0204350008671,464.37458874453716,464.374588744537
2.1045400721854257,480.9371236769798,460.2243586998819,460.224358699882
2.1067229026282996,477.8257510352141,456.0363572749388,456.036357274939
2.1089247974855057,474.687204273087,452.28769753111646,452.287697531116
2.111143139427565,471.5252140914231,449.29648880440067,449.296488804401
2.1133763206276184,468.1961612922778,446.296951940141,446.296951940141
2.1156243599716342,464.09641329600345,443.37677753355695,443.376777533557
2.117885779051141,459.9722646841806,441.0298775050905,441.029877505090
2.1201590427840435,455.8265149851022,438.76826782903237,438.768267829032
2.122444001147538,451.65943779526424,436.52694362457396,436.526943624574
2.1247380955559194,447.56154194056444,435.27854692556406,435.278546925564
2.1270375237064965,445.0395125226396,434.50361481830305,434.503614818303
2.129341060207076,442.512977036733,433.72729815275795,433.727298152758
2.131647706413767,439.98303080268306,433.3325954054227,433.556595395180
2.1339552008735003,437.4521541985646,433.4083871597661,433.493738942961
2.1362622885981004,434.94617,433.4854003885577,433.567406269737
2.138568413536655,434.94617,433.7703941868519,433.770394191197
2.1408714036282417,434.94617,434.66674670790127,434.666746707901
2.143169549495399,434.94617,435.60103466448527,435.601034664485
2.1454626386621056,434.94617,436.58596072058214,436.585960720582
2.1477494723693353,434.94617,437.98796802080216,437.987968020802
2.1500287748029265,435.89894310613903,439.47599736508425,439.475997365084
2.1523003795369675,436.8877720598891,440.9613703508828,440.961370350883
2.1545639742532963,437.8731142549988,442.5920316192809,442.592031619281
2.1568190324669025,438.85474051267926,444.30634662181103,444.306346621811
2.1590654229973056,439.832593730101,446.0140723757742,446.014072375774
2.1613034382685283,441.2267576130748,447.637829220367,447.637829220367
2.1635337510335404,442.70296170925394,449.0997705785231,449.099770578523
2.165756837867812,444.17438309122144,450.5525436918108,450.552543691811
2.167972816318131,445.641099561092,451.9855842740408,451.985584274041
2.170182080160112,447.10337175189625,453.2952372281454,453.295237228145
2.1723850409540773,448.5774483795119,454.5756534676664,454.575653467666
2.174581814001445,450.05814153043116,455.8524565143498,455.852456514350
2.176772505955276,451.53473583574623,457.10280765377087,457.102807653771
2.178957270668158,453.0073349968709,458.3292193509328,458.329219350933
2.1811362048581553,454.4760042047799,459.55235809993343,459.552358099933
2.1833095174905335,455.80380580643066,460.7032453942934,460.703245394293
2.185478108228639,456.79328889283374,461.5554697424768,461.555469742477
2.187642781138753,457.78098435538266,462.3723690232877,462.372369023288
2.1898036479101197,458.7669431555688,463.18285729893574,463.182857298936
2.1919616700335576,459.7516040017599,463.59188140435447,463.591660709434
2.1941183785420506,460.73566547263,463.7471856130279,463.747174423405
2.1962743650325076,461.2679679445329,463.90243782925626,463.881472081127
2.198429902748388,461.7635838063466,463.94029421613607,463.745481961389
2.200586221969476,462.25937935714194,463.5663131541965,463.566238693084
2.2027443653528627,462.75559433171395,463.1563535547067,463.156353554576
2.204904435636208,463.25225235220285,462.7396325863791,462.739632586379
2.207067119259036,463.2084416690161,462.03786634733405,462.037866347334
2.2092334526128434,462.71077225668205,461.18187534756476,461.181875347565
2.2114038143550925,462.21217740703946,460.32429259626565,460.324292596266
2.213578646850989,461.71255549600926,459.2879275856159,459.287927585616
2.2157595760735203,461.21153299058017,457.7549403224778,457.754940322478
2.217947903934368,460.60977559345577,456.18758075084725,456.187580750847
2.220143809251081,459.60869243268814,454.6012641964288,454.601264196429
2.2223479800970765,458.60384113031785,452.77309945052616,452.773099450526
2.224561298860303,457.59481941776346,450.8513936279373,450.851393627937
2.226784092302042,456.58147832903205,448.9214614509215,448.921461450922
2.2290171986369627,455.5634357335349,446.69748026534654,446.697480265347
2.2312625287933754,454.07119421788275,444.04800281810856,444.048002818109
2.233521345958087,452.5473688969819,441.37920283134514,441.379202831345
2.2357946707446805,451.01375655926745,438.3995918744573,438.399591874457
2.238087048399704,449.4672909265619,434.0784035408631,434.078403540863
2.24040291168087,447.90498160701327,429.5541367030883,429.554136703088
2.2427433554359775,444.16770933537737,425.0088399452112,425.008839945211
2.245108141220131,440.0498005073032,420.75512109089874,420.755121090899
2.2474967867915057,435.8903435486991,416.5604765390665,416.560476539066
2.249909677438228,431.68866753986185,412.34231556316803,412.342315563168
2.2523457333235024,427.44472952996693,408.673308249763,408.673308249763
2.2548030070729306,422.8653778550988,405.2512110393724,405.251211039372
2.257281177383284,418.2470835507029,401.8104921783998,401.810492178400
2.2597791721016147,413.59184467067917,398.8427137307464,398.842713730746
2.2622950147320307,408.90334459372207,396.1288334807209,396.128833480721
2.2648281947913658,404.94525507982553,393.4020365807795,393.402036580780
2.267378360448789,402.407633777329,390.8689220010079,390.868922001008
2.2699448068407486,399.85381182580386,388.4263922829224,388.426392282922
2.2725273100837238,397.28401200748067,386.02345976390126,386.023459763901
2.2751224627148803,394.701625023763,384.6465809441334,384.646580944133
2.2777255953746662,392.5850939113243,383.6597487329911,383.659748732991
2.280335311823684,390.5591777812183,382.70821586569923,382.708215865699
2.2829502846502665,388.5291811388033,382.1185419962558,382.118541996256
2.2855689857456416,386.49629025096647,381.6191974827623,381.619197482806
2.288190823453945,384.868634331665,381.20475002192654,381.403920674531
2.2908139302326034,383.86970921925194,381.2499175847632,381.363886766687
2.2934364910318124,382.8709920253982,381.3634963599297,381.429915118902
2.2960577545334706,381.87276886522716,381.6274192944947,381.627419396568
2.298675541846629,380.87586949866443,382.37732502273803,382.377325022738
2.301288078936633,381.31268116510273,383.1628517843879,383.162851784388
2.303894840293454,381.80802419998344,384.07378616024937,384.073786160249
2.306494546618119,382.30202662076056,385.24566416105995,385.245664161060
2.309086341752431,382.7945257382036,386.4220581939607,386.422058193961
2.311670222783933,383.53345051302887,387.6092072692063,387.609207269206
2.3142461470259112,384.52179045281326,388.8130085665346,388.813008566535
2.3168141199856516,385.5070796158396,390.01324124799,390.013241247990
2.319374344991738,386.48939601595504,391.1698107208999,391.169810720900
2.321927156789344,387.4688680893997,392.28160923601894,392.281609236019
2.3244727544322448,388.9414159419248,393.39007244895527,393.390072448955
2.3270114715554806,390.4225004502907,394.4107182215181,394.410718221518
2.329543859629416,391.8998925989265,395.3587893444303,395.358789344430
2.3320701926422003,393.3737522321885,396.30360772780125,396.303607727801
2.334591017691091,394.46102870617415,397.0882053178062,397.088205317806
2.3371072336162637,394.95560155681596,397.75670234369176,397.756702343692
2.339619233678003,395.4493457617222,398.4221782665969,398.422178266597
2.3421277215731613,395.9423996354766,398.8711385703888,398.871138473703
2.344633849608303,396.43498966879343,399.17279921876553,399.172798966929
2.3471380969683135,396.9297221667192,399.47046173188363,399.293878673587
2.349641675034679,397.4250899129771,399.3862023038264,399.179802346682
2.3521465794300735,397.92072009188325,399.04760752712747,399.046490373796
2.3546536247844934,398.4167738893142,398.7043624285285,398.704362428526
2.3571640737369477,398.78124188030034,397.9665729967054,397.966572996705
2.3596799983912344,398.28300204272904,396.97103903365075,396.971039033651
2.3622022666137124,397.78350595991213,395.967311791235,395.967311791235
2.3647321438366538,397.2825030326241,394.5872954974216,394.587295497422
2.3672716286169138,396.77959747769194,392.97732132862586,392.977321328626
2.369821570034828,396.0042682573787,391.35776708026106,391.357767080261
2.3723824675661493,394.99959352527185,389.62228067593173,389.622280675932
2.3749550068174603,393.99035158898414,387.82385596074835,387.823855960748
2.377539579209026,392.97638888905226,386.00282517239015,386.002825172390
2.3801372879327207,391.92047981528776,383.9121117407999,383.912111740800
2.3827495567203814,389.9077312105551,381.7122075587291,381.712207558729
2.385376999370654,387.88329117079616,379.4907187791538,379.490718779154
2.3880201908164453,385.8467167111969,377.17739804168394,377.177398041684
2.3906797608469095,383.7975225802975,374.8311767749891,374.831176774989
2.393356150120308,381.4491735053921,372.4518494366242,372.451849436624
2.396050035392725,378.91899339027486,369.97850474218956,369.978504742190
2.398762085344572,376.3717524481199,367.47950741119223,367.479507411192
2.4014923798151515,373.8073756913932,365.0502678923727,365.050267892373
2.40424032744092,371.4267943163843,362.77276816242033,362.772768162420
2.407005621055826,369.4005874007805,360.4849723030376,360.484972303038
2.4097886540272775,367.3613823692749,358.1629562763109,358.162956276311
2.412589902051639,365.3088306660177,355.8122656998745,355.812265699875
2.415409522682438,363.1574879711543,353.5104846554405,353.510484655441
2.4182454777815856,360.630981456246,351.72382500920133,351.723825009201
2.421095433854944,358.0920016999353,350.045391500519,350.045391500519
2.423958274106879,355.5415436373837,348.5646631626931,348.564663162693
2.4268315251533323,353.1075344167432,347.5125458629004,347.512545862900
2.4297133913012408,351.6010109628646,346.48373731770806,346.483737317708
2.432601889415423,350.0910205843529,345.918076970584,345.918076971500
2.4354941279299833,348.5790748752995,345.587981631121,345.588000803597
2.4383887371875828,347.1670519577722,345.35164303543104,345.544934809323
2.4412836694537705,346.66796813071267,345.5108443406139,345.589927369817
2.4441770840610486,346.16914594674085,345.7140384664164,345.715725024563
2.447068269269832,345.6707081091476,346.0439467417625,346.043946762253
2.4499561764905997,345.26112656599446,346.49937686127026,346.499376861274
2.4528401832225755,345.7578985886307,346.98061434238446,346.980614342384
2.4557192031091133,346.25381162391886,347.7009889460192,347.700988946019
2.458592033696405,346.7486585484136,348.47737124655464,348.477371246555
2.4614581040600134,347.24246653238475,349.3432771664289,349.343277166429
2.46431630476838,347.73721566360757,350.3992387282587,350.399238728259
2.467165884861247,348.2304725826086,351.4601597152959,351.460159715296
2.470006519408963,348.7221810446806,352.6097579118404,352.609757911840
2.4728377225670255,349.2122569510598,353.8057201959241,353.805720195924
2.4756595502048206,350.1822418865746,354.9566603100706,354.956660310071
2.478473171745539,351.16563775503175,355.8721731695546,355.872173169555
2.4812797162628213,352.1465601154116,356.74899336952296,356.748993369523
2.4840797643369594,353.1252118877768,357.52530104459424,357.525301044594
2.486874425646024,354.11217091279445,358.1254291300956,358.125429130096
2.4896644355459565,355.0994928816759,358.7183958825639,358.718395882564
2.492450390054123,356.0853797383081,359.16869848682165,359.168698484541
2.495233162927377,357.0701406856573,359.5390876939653,359.539087610818
2.498013215516134,357.72509063254336,359.87191775422724,359.861075173359
2.5007917035959544,358.22056374159206,359.9440262464327,359.930115398761
2.5035698292323225,358.7159722180137,359.96582075655294,359.930194181634
2.506348209078922,359.2114260264037,359.8781674951901,359.857275221491
2.5091282564777297,359.4614,359.53419147522544,359.534191308702
2.5119110101822124,359.4614,359.17853058410276,359.178530583784
2.514697272458653,359.4614,358.6294042166093,358.629404216609
2.5174883919260305,359.4614,357.9296434002745,357.929643400274
2.520285080739858,359.29821848322433,357.2025006759154,357.202500675915
2.5230885138881463,358.7982970518239,356.20986415035543,356.209864150355
2.525900053946925,358.2969299578796,355.14563304811094,355.145633048111
2.528720451782246,357.7939833034131,353.97611389844843,353.976113898448
2.5315513377508765,357.188866375811,352.5194934349091,352.519493434909
2.5343940430260385,356.18289669473904,351.0387952380738,351.038795238074
2.5372501620144847,355.172180201188,349.2168827360772,349.216882736077
2.5401223234928767,354.15578663001827,347.12905545487524,347.129055454875
2.5430119033875878,352.98589268150863,345.01950990235287,345.019509902353
2.5459195309818714,350.96506145048306,342.83343418342196,342.833434183422
2.548845872012955,348.9312241874609,340.6210694915777,340.621069491578
2.5517906972693147,346.8845401968208,338.5427364796178,338.542736479618
2.5547527481105696,344.7410540904616,336.67031262621003,336.670312626210
2.55773135584609,342.22188762643555,334.78960023620687,334.789600236207
2.5607267810137726,339.68849776850266,332.90059282348966,332.900592823490
2.5637392983432816,337.14065216322297,331.00143575210586,331.001435752106
2.5667695937514416,334.91271399300695,329.00625571390015,329.006255713900
2.569819004549507,333.39805324799113,326.8651394736128,326.865139473613
2.5728881930646654,331.87356879154663,324.7795790480295,324.779579048030
2.57597440023062,330.34063106855297,323.26858018767217,323.268580187672
2.5790744706371584,328.5482045537742,321.88104191297555,321.881041912976
2.5821858462156593,326.53057798774375,320.92288620601767,320.922886206018
2.585304445220859,324.50826726281366,320.39116907928064,320.391169079281
2.5884279150841936,322.4827979437107,319.92269917012146,319.922708194500
2.591554670802993,321.69418609809185,319.7179970344543,319.718625004995
2.594683239260661,321.19470556674565,319.5520594844237,319.708645517991
2.5978118062003652,320.69522527774456,319.71830736608933,319.785107487069
2.6009379646241584,320.2437,320.0447018743869,320.044702201139
2.604060128000723,320.2437,320.5371449776622,320.537144977662
2.6071758524058057,320.2437,321.36923075613043,321.369230756130
2.610283383027243,320.2437,322.2297612113389,322.229761211339
2.6133816970745816,320.60672598270446,323.28431747938714,323.284317479387
2.6164697041081264,321.5972974113399,324.38446986711534,324.384469867115
2.619546985286345,322.5844281982547,325.54195144552165,325.541951445522
2.6226130362094953,323.5679565420122,326.765229265317,326.765229265317
2.6256676517928534,324.554084062646,327.9839115986964,327.983911598696
2.628710962095207,325.5408112407723,329.19745378471754,329.197453784718
2.631743096465706,326.5239148660544,330.406136061193,330.406136061193
2.6347648971282016,327.50366801125904,331.4525444436299,331.452544443630
2.6377777860284475,328.48860959809883,332.363424888938,332.363424888938
2.640782654077742,329.4733451985942,333.2243191124595,333.224319112460
2.643780811252201,330.4558815553115,333.8527079962679,333.852707996268
2.6467734740806828,331.4366173410898,334.4489707059869,334.448970705985
2.6497616341542565,332.4268551524341,334.85946761968296,334.859465693460
2.652746812423846,333.41735838623026,335.1173698560569,335.117082584411
2.6557300111903643,334.40720480692653,335.3039836948395,335.125511415613
2.658713189185212,335.38935,335.1220353900266,335.066534184068
2.661698223435616,335.38935,334.8871096016566,334.887105534508
2.664687009348963,335.38935,334.2814746458868,334.281474645887
2.6676827342127787,335.38935,333.3379116132665,333.337911613266
2.6706871492153406,335.2575730853339,332.35054959596636,332.350549595966
2.6737015453550237,334.25737515587844,331.1344822346135,331.134482234613
2.6767272118972736,333.2534376272498,329.87927583337597,329.879275833376
2.6797653556313077,332.24536007826237,328.4206579722973,328.420657972297
2.6828178458282186,331.0871825750726,326.78617878120536,326.786178781205
2.6858859997810685,329.5833092243504,325.0760795494674,325.076079549467
2.6889717737865584,328.07079930323084,323.0657601602445,323.065760160245
2.692077055416109,326.54872760769854,321.00480009774225,321.004800097742
2.6952034357073247,324.7614155410238,318.7207956189053,318.720795618905
2.698352955902962,322.7407729819224,316.30574898970605,316.305748989706
2.7015276502539747,320.70397940089333,313.68704281048065,313.687042810481
2.7047311568150256,318.6487007255614,310.64366695432346,310.643666954323
2.70796705234581,316.1764668351925,307.43986467715723,307.439864677157
2.711241646682829,313.61991121628216,303.35019452031895,303.350194520319
2.7145618668153846,311.02773442664284,299.05019774416627,299.050197744166
2.717926749773062,307.8963383001387,295.34718560201236,295.347185602012
2.7213323804361367,303.80223390025594,291.93537682544167,291.935376825442
2.7247770363258477,299.661215031987,288.69225697470563,288.692256974706
2.7282594434166825,295.4748132746404,285.63936472020555,285.639364720206
2.7317772677144996,292.39587271382334,282.90699373669963,282.906993736700
2.7353251914679566,289.3212346548685,280.81077327179423,280.810773271794
2.7388985474336645,286.2245569882034,278.8937403060561,278.893740306056
2.742493445446163,283.5308360987142,277.4540022312297,277.454002231230
2.7461070307912174,281.0006815191016,276.0166640075297,276.016664007530
2.749739967015601,278.4569778708276,274.5063644647501,274.506364464750
2.753391673870744,276.6803458984473,273.1859078691424,273.185907869142
2.7570549145346117,275.67580705831267,272.7790707047899,272.780587814488
2.7607216393063156,274.67031280138576,272.66685424881933,273.159290459363
2.7643832781918167,273.99892,273.53804210996657,273.538042109967
2.7680316285093096,273.99892,274.6572137986042,274.657213798604
2.771660631507092,273.99892,276.4642659427739,276.464265942774
2.775265135354026,274.1949249970651,278.40390027529384,278.403900275294
2.77884364318619,275.6711473223404,280.49609956617195,280.496099566172
2.7823956056276153,277.13641902230484,282.58063438480326,282.580634384803
2.785924761108512,278.59228229119026,284.1314267611368,284.131426761137
2.789435859100415,280.4937421694974,285.49421516121794,285.494215161218
2.7929297735942447,282.456469720373,286.9332564547254,286.933256454725
2.796405978191123,284.4092486297661,288.41066599919765,288.410665999198
2.799863671222095,286.10523427488704,290.014125163399,290.014125163399
2.803301585860475,287.5819799956611,291.73899918342727,291.738999183427
2.806719330277386,289.0500616594776,293.44725209144065,293.447252091441
2.8101173638302894,290.51329513092026,295.13328443419715,295.133284434197
2.8134972542893193,291.9892223224962,296.60553214404933,296.605532144049
2.8168649720722536,293.45983396202666,297.2692004271421,297.269200427142
2.8202260956248457,294.92756603963414,297.7703413512254,297.371292574896
2.8235860646779987,295.7131783295989,297.4733844478579,297.169045040237
2.826950596153598,296.2090308650003,296.9634595066633,296.963459499075
2.830322873738421,296.7060249940903,296.10876051697784,296.108760516978
2.833706038446005,296.9492463428748,295.055584282926,295.055584282926
2.837102684134959,296.4482293911827,293.7634490918619,293.763449091862
2.8405160970631846,295.94473921388,292.1647498926838,292.164749892684
2.8439491384390756,295.4383537728624,290.41432115820413,290.414321158204
2.8474051497172783,293.64448665505915,288.2952534434174,288.295253443417
2.8508872585050513,291.6228947582597,286.07790054686916,286.077900546869
2.854398387707981,289.5844546123965,283.55063026892003,283.550630268920
2.8579415130727543,287.28822622984467,280.9348847178348,280.934884717835
2.8615193970152473,284.75614451232036,278.06942769506344,278.069427695063
2.865135250544951,282.197191577299,275.0666234915333,275.066623491533
2.868795603797631,279.4765052185053,271.35395327523406,271.353953275234
2.87250829921296,276.4194302057299,267.36772600178523,267.367726001785
2.8762805240745077,273.3133379797978,262.8616551962416,262.861655196242
2.880118532385848,270.06732994752383,258.2821995103625,258.282199510362
2.8840137523797895,266.46632823278014,255.18628581333803,255.186285813338
2.8879533922588365,262.82426180726725,252.488662515659,252.488662515659
2.8919348275280274,259.1830053611234,249.85654078599796,249.856540785998
2.8959585178723346,255.61371500745463,247.21365347295247,247.213653472952
2.9000257470508624,252.0058027103223,244.5361853378011,244.536185337801
2.904132777316198,248.8108228729377,242.44268588314358,242.442685883144
2.908262514713921,246.28117908570516,241.85033313430034,241.850333168000
2.9123995296084537,243.74707751512756,241.59017413438767,241.749427317768
2.9165380049087943,242.40675703605962,241.67961083544736,242.086764530743
2.920669323657803,241.90891888087737,242.42846874015203,242.428468740152
2.9247841048326064,241.41307356041295,243.62706546505694,243.627065465057
2.9288747696417783,242.451249089489,245.29672014496356,245.296720144964
2.932936392457659,243.926821615451,247.1240765582435,247.124076558244
2.936968011796315,245.39149398926133,248.96130839246362,248.961308392464
2.9409696820418105,246.8673024828429,250.83703762233608,250.837037622336
2.9449400645400194,248.3336788623019,252.90122547789647,252.901225477896
2.9488783330144015,249.78819460969066,254.94438885127605,254.944388851276
2.952785898293433,251.74520177340696,256.8906737943281,256.890673794328
2.956664813272812,253.6960387501074,258.7239489327197,258.723948932720
2.9605179948906994,255.63393355266908,260.3326149004948,260.332614900495
2.964348157458836,257.6065853294458,261.842800133077,261.842800133077
2.968157463392245,259.568883603353,263.1906879901908,263.190687990191
2.9719488121138795,261.52193152922155,264.32852796018324,264.328527960183
2.9757263560858496,262.5611903028931,265.1171787042676,265.117178704268
2.979495325169558,263.54720061927253,265.5322320850582,265.231297432670
2.983262673856428,264.53278701920055,265.34516063313606,265.108294354148
2.9870339607597165,264.66551,264.9780446036031,264.977983578663
2.9908124275678585,264.66551,264.33795214460537,264.337952144605
2.9946002824502846,264.66551,263.6662346522682,263.666234652268
2.9983981014706638,264.2689002450154,262.95276963867576,262.952769638676
3.0022076849502026,263.76828156631973,262.0405921272581,262.040592127258
3.006032557262667,263.2656537768173,260.855366777204,260.855366777204
3.009875555721858,262.3873478091324,259.5747430514288,259.574743051429
3.013738394467671,261.38173210380126,258.1829434042509,258.182943404251
3.017623240710571,260.370387170262,256.64255545360595,256.642555453606
3.021532581711167,258.9870872770175,254.95816691350646,254.958166913506
3.0254696475191385,257.47301780758835,253.04158871614783,253.041588716148
3.029438027912133,255.9469057512572,250.95102649760028,250.951026497600
3.0334410571381385,254.0250225501277,248.68092114032262,248.680921140323
3.037481244207,251.99307640832694,246.3565754950676,246.356575495068
3.0415553129337445,249.9440900397151,244.55973648895886,244.559736488959
3.0456571955891096,247.92356926717025,243.0260760571648,243.026076057165
3.0497795520738347,245.89590649377965,242.13496100185228,242.134961001852
3.0539142740259173,243.98591431280045,241.57415210546793,241.913144826565
3.058052778564273,242.98647794289946,241.6922309232075,242.003190485344
3.0621868444801708,241.9881134869412,242.0933243658735,242.093639662762
3.0663108879479797,241.6105643727011,242.86885662274798,242.868856622748
3.070413747701144,242.60053994229895,244.60217754321977,244.602177543220
3.074481464186303,243.58203582239878,247.08672854184428,247.086728541844
3.078506295052196,245.01754908840348,249.8438596744533,249.843859674453
3.0824861887980717,246.97345261526857,252.69833267990737,252.698332679907
3.086422293630734,248.90783624857386,255.4329320206454,255.432932020645
3.0903169257635286,251.3730934050527,258.10832556954017,258.108325569540
3.0941718352747043,254.30068781732552,260.7237818439772,260.723781843977
3.0979886371850243,257.1993415763859,263.28766203261637,263.287662032616
3.101769516104483,259.86693264102905,265.7008790364929,265.700879036493
3.105516732072304,262.31284152636067,268.0389416666622,268.038941666662
3.1092328908072844,264.7384785185293,270.15955673552276,270.159556735523
3.1129205455535978,266.97541596291217,272.19822801354934,272.198228013549
3.116582225920781,268.9361166008339,274.0050681241014,274.005068124101
3.1202206036471134,270.8843394967903,275.6956688326812,275.695668832681
3.123840583809389,272.72891659491904,276.79573702333175,276.795737023332
3.1274473412241184,274.2094998414865,277.72050360110353,277.720503601104
3.131044464743021,275.68612834890166,278.27987108421917,278.279871084216
3.134635215711356,277.1601409078281,278.70700821210283,278.705822376271
3.1382224786829758,277.67118305953954,278.8211405844236,278.779584485569
3.141809187295837,278.16723629120804,278.79315734468116,278.713398972193
3.1453977389886436,278.66354442670666,278.5348682110957,278.534779321595
3.148990528350697,278.78833,278.13595923805815,278.135959238058
3.152590483726814,278.78833,277.4273865273631,277.427386527363
3.1562013410153456,278.78833,276.45939123862877,276.459391238629
3.15982619845777,278.2625820765246,275.2889277633326,275.288927763333
3.1634680252079397,277.258131126649,273.88958143728354,273.889581437284
3.167130272184516,276.24804808133956,272.228285710031,272.228285710031
3.170817443933254,275.06072418689314,270.2004613600172,270.200461360017
3.1745327027435195,273.54438294000465,268.12802232985246,268.128022329852
3.1782772023261243,272.0161073995839,265.9972420070668,265.997242007067
3.1820525134788027,270.23909550560484,263.7697830355409,263.769783035541
3.1858608913545368,267.70981431557993,261.39889194894903,261.398891948949
3.1897047823781723,265.1569475623787,258.91904079882295,258.919040798823
3.1935867659188673,262.5952614363041,256.29486091082487,256.294860910825
3.1975103694496667,260.06581351189425,253.45644216208413,253.456442162084
3.201480007977584,257.50668798958304,250.3864746511563,250.386474651156
3.2054957140261013,254.9380947991383,247.6727340526045,247.672734052605
3.209553308217992,252.39454592184347,245.24216486331645,245.242164863316
3.2136449601098835,249.82964758955063,243.56373412737832,243.563734127378
3.2177610628412925,247.49627387776127,242.33589023547714,242.335908043081
3.221888286537805,245.47790849825378,242.25137905151527,242.461486712259
3.2260131983574185,243.46067371224876,242.60773256199775,242.607732622032
3.2301258998559312,243.00885264801445,243.69305111926317,243.693051119263
3.234217556883354,243.50434138885294,245.1105819182203,245.110581918220
3.238280878001931,243.99639872679023,247.10571150795516,247.105711507955
3.242309148122066,245.64176443619544,249.39588691190755,249.395886911908
3.246297704113508,247.60023810528423,252.05279611234425,252.052796112344
3.2502426938804465,249.5373197458457,254.93576196064677,254.935761960647
3.2541419813104064,251.91806762718488,257.9967321666444,257.996732166644
3.2579979509926904,254.3492316024999,260.69356677897304,260.693566778973
3.261815945158081,256.7564522597336,263.15325131546456,263.153251315465
3.2655983048758945,259.20188922159286,265.628774757276,265.628774757276
3.2693455764510313,261.6358422522467,268.10436618995027,268.104366189950
3.2730581160110663,264.0472359109085,270.6221995760281,270.622199576028
3.276736193835022,266.48499569593855,273.1518529143708,273.151852914371
3.2803811078502836,268.9176433046666,275.56858000141375,275.568580001414
3.283994706727465,271.3293909153565,277.90615355205756,277.906153552058
3.2875821458628542,273.4914586861412,279.5997388168503,279.599738816850
3.291151262122381,275.4489483378227,280.7654917549592,280.765491754959
3.2947070427726146,277.39912404529764,281.7004539640573,281.700453964057
3.2982527946146885,279.07115900784333,282.35557335719506,282.355573357195
3.30179110470537,280.0592534525373,282.8865092585583,282.886509247674
3.3053241917744716,281.04588933693697,283.19084432933715,283.189108595545
3.308854579569493,282.02975165058143,283.3191876482285,283.080414382587
3.3123863650621717,282.526747790493,282.9668391886531,282.966191873497
3.315923487713313,283.02449498030825,282.46494619832407,282.464946198324
3.319470184974124,283.5235895181029,281.44182021080167,281.441820210802
3.323030457201379,282.93793600503204,280.31523547445056,280.315235474451
3.326606786132146,281.9351696901267,278.9209174161314,278.920917416131
3.3302015631392567,280.92723072195315,277.44573802213813,277.445738022138
3.3338172266129074,279.67838994395925,275.7085421226927,275.708542122693
3.337456642580861,278.1683426550542,273.836556699188,273.836556699188
3.3411267146455987,276.6455757000697,271.12535893694,271.125358936940
3.3448359604242475,274.80437108000024,268.0849575049159,268.084957504916
3.348591746647087,272.2642260118514,264.4515049246699,264.451504924670
3.3524010285296466,269.68790030717446,260.60994415641215,260.609944156412
3.356262549773339,266.84286930157805,257.3412797944113,257.341279794411
3.36017231985028,263.2699355143927,254.2168352536757,254.216835253676
3.364132515472299,259.65092046662085,250.83141481000368,250.831414810004
3.3681483012625937,256.1825278099959,247.22917138822106,247.229171388221
3.3722291207427677,253.10652057354764,242.9065909515959,242.906590951596
3.3763804757886957,249.97734560651406,238.89717862979964,238.897178629800
3.380588800955746,246.3638996630716,236.3647622346213,236.364762234621
3.384836134742021,242.2606715832353,234.52605892482913,234.526058924829
3.3891088252242296,238.13294712237484,233.5650509457456,233.565050945749
3.3933926990575163,236.00662909481616,233.30225456570852,233.565899458503
3.3976765527679413,234.50203626834946,233.5672464764793,233.891362636276
3.4019448925559415,233.160731742807,235.0034128178181,235.003412817818
3.4061817710897535,234.6462644900064,237.05110045565962,237.051100455660
3.4103718420750013,236.11538559225232,240.28975555764103,240.289755557641
3.4145053371477867,237.99553327430795,243.58471595599727,243.584715955997
3.4185838028132407,240.93346532557734,246.81708149489597,246.817081494896
3.42260834281892,243.8325519047412,250.15656225194007,250.156562251940
3.426578681494613,246.73501505950753,253.60237226796642,253.602372267966
3.4304959001358304,249.65882029948716,256.98639996704253,256.986399967043
3.4343623474038787,252.54472987407007,260.3056277894662,260.305627789466
3.438183321293838,255.438604075503,263.1364458887915,263.136445888792
3.4419652482606784,258.3584601722205,265.70699061698156,265.706990616982
3.4457092630201545,261.2490459549467,268.49347249123855,268.493472491239
3.449413990139718,264.1425776764231,271.3727103732606,271.372710373261
3.4530790812393244,267.0694935647589,274.33236957718185,274.332369577182
3.456704687054716,269.9648767837607,277.3157128876365,277.315712887636
3.4602938561326684,272.7741055239685,279.92857656373496,279.928576563735
3.46385124492638,275.2200140805021,282.29147971904274,282.291479719043
3.467381074830829,277.6469743221437,284.3152888943453,284.315288894345
3.470887897417102,280.0581157147212,286.0065734839442,286.006573483944
3.474374607264424,282.0896739796474,287.60454103216455,287.604541032165
3.4778428825476757,284.04928539339426,289.0546001917777,289.054600191778
3.481294922186448,285.99972350005555,290.3157681015353,290.315768101535
3.4847351308065084,287.45864473260326,291.0452392543818,291.045239254382
3.4881683613776384,288.4446354327504,291.4968185526429,290.809809038161
3.4916043757894917,289.43142562509775,290.5743788219412,290.574378821941
3.4950529864966327,290.22656140250353,289.3717993805485,289.371799380549
3.4985206883978446,289.7276062501154,287.3858831102139,287.385883110214
3.5020139665410195,289.2249710242752,285.1509701078691,285.150970107869
3.505534193174423,288.7184582771164,283.0023935704379,283.002393570438
3.5090810202077747,286.595025402587,280.88979891105635,280.889798911056
3.5126558369992034,284.06511431923036,278.5888944034224,278.588894403422
3.5162612987169664,281.5135157080076,276.13592717827544,276.135927178275
3.5199004991786937,279.2602066939646,273.44847897955526,273.448478979555
3.523577352645656,277.23019687664714,270.51073886313196,270.510738863132
3.5272977268748544,275.17615902139164,267.0913385460238,267.091338546024
3.5310703244681196,272.68024465168037,263.07775021102776,263.077750211028
3.5348975382593637,269.6035043010056,259.5198402392425,259.519840239243
3.538773377796888,266.48767316423346,256.5148926450558,256.514892645056
3.5426889720182078,263.17718929352804,254.27310332748462,254.273103327485
3.546633786597244,259.61669878408156,252.72629453711636,252.726294537116
3.550603823280503,256.03344343717254,251.05294624499652,251.052946244997
3.554600651804903,253.44706508755803,249.349600877757,249.349600877757
3.558614899286982,251.9359708340928,248.8762345560286,249.170042472345
3.5626320198851276,250.4237950456211,248.99283878688217,249.538136353773
3.566640860204866,249.81097,249.90623033713862,249.906230337139
3.570632720101843,249.81097,251.11627989152893,251.116279891529
3.5746012013400206,249.81097,252.8608959947323,252.860895994732
3.5785411053213023,250.81473092238434,254.77288967180385,254.772889671804
3.582448913689225,252.28322611821386,257.0329131564178,257.032913156418
3.5863218670904544,253.7386233454838,259.3795221642622,259.379522164262
3.5901585545937125,255.88950569706117,261.91582528997395,261.915825289974
3.593957069895482,258.3263072472139,264.6195650371398,264.619565037140
3.597713851317573,260.73633592043575,267.76967938621254,267.769679386213
3.6014259883674455,263.16276959331026,271.02317838760837,271.023178387608
3.6050920336136696,265.58558620771146,274.54658030265506,274.546580302655
3.60871221609965,267.9780930332158,277.9325088800354,277.932508880035
3.6122910830823827,270.81455477475265,280.9195378670316,280.919537867032
3.615833159676016,274.2045630947141,283.7350293426181,283.735029342618
3.619343672898287,277.56436312055894,285.99117244565207,285.991172445652
3.6228272123525556,280.7690580948388,288.14561833911495,288.145618339115
3.626285689965732,283.2145291619654,290.15045915143395,290.150459151434
3.6297209354277906,285.64357289899453,292.0558031067861,292.0558031067861
